1 0.8870431890624999 1 0.8953488374999999 0.9916943515625001 0.9335548171875001 0.2142857140625 0.9285714281249999 0.13787375468750002 0.9401993359375 0.1279069765625 0.941860465625 0.11129568125 0.9352159468749999 0.09800664375 0.9368770765625 0.0382059796875 0.9651162796874999 0.023255814062499998 0.9485049828125 0.00664451875 0.880398671875 0.00664451875 0.867109634375 0.021594684375 0.8455149499999999 0.029900332812500003 0.8455149499999999 0.058139534375 0.8372093015625 0.06146179375000001 0.564784053125 0.054817275 0.11129568125 0.0315614625 0.06146179375000001 0.033222590625 0.0415282390625 0.046511628124999996 0.0315614625 0.06478405312499999 0.023255814062499998 0.1428571421875 0.0166112953125 0.3355481734375 0 0.5673152984375001 0 0.97231450625 0.0049833890625 0.978405315625 0.04318936875 0.98837209375 0.2607973421875 0.98837209375 0.5003322265625 1 0.8870431890624999 1
0 0.8413621265625 0 0.8222591359375 0.00664451875 0.8239202656250001 0.0382059796875 0.7994779296875001 0.06146179375000001 0.10132890312500001 0.029900332812500003 0.0564784046875 0.033222590625 0.039867109375 0.046511628124999996 0.029900332812500003 0.0681063125 0.023255814062499998 0.126245846875 0 0.5076411953125 0 0.9787073390625001 0.00664451875 0.98837209375 0.0265780734375 0.9950166109374999 0.06146179375000001 0.9867109640624999 0.172757475 0.9867109640624999 0.47918702343749997 1 0.893559928125 1 0.898671096875 0.9867109640624999 0.9069767437499999 0.8621262453125 0.9352159468749999 0.176079734375 0.9667774093749999 0.16611295625 0.9767441859374999 0.15448504999999998 0.960132890625 0.1495016609375 0.9617940203125 0.14119601406249999 0.9501661125 0.139534884375 0.946843853125 0.10299003281250001 0.9501661125 0.039867109375 0.978405315625 0.028239203125 0.9867109640624999 0.013289035937499999 0.9774086375 0 0.8413621265625 0
1 0.892515146875 1 0.9003322265625 0.946843853125 0.9136212625000001 0.6960132890625 0.9318936875 0.187707640625 0.9451827249999999 0.1677740859375 0.9335548171875001 0.136212625 0.941860465625 0.11295681093750001 0.9352159468749999 0.036544850000000004 0.93853820625 0.0265780734375 0.9667774093749999 0.023255814062499998 0.9617940203125 0.0199335546875 0.9651162796874999 0.00664451875 0.8787375421875 0.00664451875 0.87043189375 0.0199335546875 0.8455149499999999 0.029900332812500003 0.8372093015625 0.06146179375000001 0.5265780734375001 0.053156146875 0.126245846875 0.0315614625 0.0681063125 0.0315614625 0.0415282390625 0.044850498437500004 0.0315614625 0.06478405312499999 0.023255814062499998 0.1428571421875 0.014950165625000001 0.3654485046875 0 0.573391725 0 0.97231450625 0.0049833890625 0.978405315625 0.0382059796875 0.9750830562499999 0.0382059796875 0.9867109640624999 0.046511628124999996 0.990033221875 0.059800664062499995 0.985049834375 0.2574750828125 0.98837209375 0.5052948500000001 1 0.892515146875 1
1 0.6378737546875 0.0631229234375 0.6129568109375 0.06478405312499999 0.6096345515625 0.0813953484375 0.6162790703125001 0.096345515625 0.6428571421875 0.0946843859375 0.6461794015625 0.076411959375 0.6378737546875 0.0631229234375
1 0.687707640625 0.172757475 0.712624584375 0.17441860468749998 0.7275747515625001 0.1594684390625 0.725913621875 0.1279069765625 0.7142857140625 0.11794020000000001 0.6943521593749999 0.1162790703125 0.6777408640625 0.126245846875 0.6744186046875 0.157807309375 0.687707640625 0.172757475
1 0.774086378125 0.280730896875 0.7956810625 0.2823920265625 0.8073089703124999 0.274086378125 0.8106312296875 0.25083056406250004 0.8039867109375001 0.2392026578125 0.7956810625 0.23421926875 0.769102990625 0.2392026578125 0.76578073125 0.2674418609375 0.774086378125 0.280730896875
1 0.8073089703124999 0.317275746875 0.774086378125 0.3504983390625 0.769102990625 0.37375415312500004 0.7724252484374999 0.40365448437499996 0.8006644515625 0.4318936875 0.8455149499999999 0.4318936875 0.8687707640625 0.40697674375000004 0.8770764124999999 0.3770764125 0.8754152828124999 0.342192690625 0.8588039859375 0.32059800625 0.8471760796875 0.3156146171875 0.8073089703124999 0.317275746875
1 0.7840531562499999 0.6976744187499999 0.7591362125 0.6644518265625 0.744186046875 0.657807309375 0.6926910296875 0.657807309375 0.6561461796875 0.6810631234375 0.644518271875 0.700996678125 0.644518271875 0.7408637875 0.6744186046875 0.7790697671875 0.7076411953124999 0.7890365453125 0.73421926875 0.787375415625 0.7607973421875001 0.7790697671875 0.7774086375 0.7591362125 0.7840531562499999 0.744186046875 0.7840531562499999 0.6976744187499999
1 0.8089701 0.2026578078125 0.8172757468749999 0.21926910312499998 0.8455149499999999 0.2225913625 0.860465115625 0.21594684375 0.867109634375 0.182724253125 0.8588039859375 0.169435215625 0.848837209375 0.16611295625 0.827242525 0.1644518265625 0.8139534890625001 0.172757475 0.8089701 0.2026578078125
1 0.6960132890625 0.37541528281250003 0.725913621875 0.3787375421875 0.7408637875 0.36378737499999997 0.7425249171875 0.3355481734375 0.730897009375 0.31893687656249997 0.7026578078125 0.317275746875 0.6893687703125 0.33056478437500003 0.6843853828124999 0.355481728125 0.6960132890625 0.37541528281250003
1 0.5730897015624999 0.5348837203125 0.59302325625 0.558139534375 0.6312292359375 0.5631229234374999 0.65448505 0.5481727578125 0.6611295687500001 0.533222590625 0.6611295687500001 0.5016611296875 0.6378737546875 0.478405315625 0.6063122921875 0.47508305625 0.57475083125 0.4950166109375 0.5730897015624999 0.5348837203125
1 0.5481727578125 0.30398671093749996 0.5315614625 0.305647840625 0.5348837203125 0.327242525 0.5481727578125 0.3255813953125 0.5481727578125 0.30398671093749996
1 0.5498338875 0.43853820624999995 0.576411959375 0.4368770765625 0.596345515625 0.40863787343749997 0.5946843859375 0.38538205937500003 0.576411959375 0.367109634375 0.5498338875 0.3654485046875 0.528239203125 0.3820598 0.528239203125 0.4219269109375 0.5498338875 0.43853820624999995
1 0.45348837187499996 0.4152823921875 0.40863787343749997 0.4152823921875 0.39202657812499997 0.428571428125 0.3837209296875 0.45182724218750003 0.38538205937500003 0.478405315625 0.40365448437499996 0.5049833890625 0.43853820624999995 0.5132890359375 0.4651162796875 0.503322259375 0.4734219265625 0.4916943515625 0.481727575 0.46345515 0.4800664453125 0.4401993359375 0.4651162796875 0.42026578125 0.45348837187499996 0.4152823921875
1 0.172757475 0.2026578078125 0.136212625 0.19767441875 0.10963455156249999 0.2043189375 0.0913621265625 0.22591362187500003 0.0847176078125 0.26578073125 0.096345515625 0.29568106250000004 0.10963455156249999 0.3073089703125 0.151162790625 0.3106312296875 0.1777408640625 0.2923588046875 0.1893687703125 0.2607973421875 0.1910299 0.23089700937500002 0.1843853828125 0.212624584375 0.172757475 0.2026578078125
1 0.2774086375 0.8720930234375001 0.29568106250000004 0.8388704312499999 0.30398671093749996 0.8039867109375001 0.3006644515625 0.730897009375 0.2774086375 0.6943521593749999 0.2408637875 0.6710963453125001 0.22425249218749999 0.6677740859375 0.151162790625 0.6710963453125001 0.10963455156249999 0.687707640625 0.0780730890625 0.712624584375 0.058139534375 0.7425249171875 0.0498338875 0.7790697671875 0.051495017187500006 0.830564784375 0.0863787375 0.8936877078125001 0.1063122921875 0.9119601328125 0.1345514953125 0.92524916875 0.19601328906249998 0.9285714281249999 0.23588039843750003 0.9119601328125 0.2774086375 0.8720930234375001
1 0.539867109375 0.941860465625 0.5182724249999999 0.941860465625 0.514950165625 0.9651162796874999 0.539867109375 0.9667774093749999 0.539867109375 0.941860465625
1 0.5996677734375 0.9302325578125 0.576411959375 0.9318936875 0.57475083125 0.9551495015624999 0.57973421875 0.960132890625 0.6029900328125 0.953488371875 0.6063122921875 0.9435215953125 0.5996677734375 0.9302325578125
1 0.41694352187500006 0.0847176078125 0.435215946875 0.096345515625 0.44352159531249996 0.08970099687500001 0.44352159531249996 0.07475083125000001 0.42524916875 0.0681063125 0.41694352187500006 0.0847176078125
1 0.4800664453125 0.09302325624999999 0.503322259375 0.09302325624999999 0.5083056484374999 0.0863787375 0.5049833890625 0.0697674421875 0.481727575 0.0681063125 0.4800664453125 0.09302325624999999
1 0.0681063125 0.446843853125 0.0946843859375 0.4501661125 0.10132890312500001 0.44352159531249996 0.10299003281250001 0.41694352187500006 0.09800664375 0.410299003125 0.071428571875 0.40863787343749997 0.0631229234375 0.41694352187500006 0.06146179375000001 0.43853820624999995 0.0681063125 0.446843853125
1 0.3289036546875 0.49667774062500003 0.34883720937499996 0.49335548124999995 0.3504983390625 0.4800664453125 0.3438538203125 0.4734219265625 0.3255813953125 0.4767441859375 0.3289036546875 0.49667774062500003
1 0.8621262453125 0.9069767437499999 0.8438538203125001 0.9086378734375 0.8455149499999999 0.9302325578125 0.8654485046874999 0.9269102984375 0.8621262453125 0.9069767437499999
1 0.867109634375 0.712624584375 0.848837209375 0.712624584375 0.848837209375 0.730897009375 0.867109634375 0.730897009375 0.867109634375 0.712624584375
1 0.398671096875 0.9335548171875001 0.3787375421875 0.9368770765625 0.3787375421875 0.960132890625 0.40199335625000004 0.9584717609375 0.398671096875 0.9335548171875001
1 0.30398671093749996 0.59302325625 0.290697675 0.596345515625 0.2940199328125 0.6162790703125001 0.3106312296875 0.61129568125 0.30398671093749996 0.59302325625
1 0.0016611296875 0.8438538203125001 0.0049833890625 0.9916943515625001 0.051495017187500006 0.98837209375 0.046511628124999996 0.8372093015625 0.0083056484375 0.8355481734374999 0.0016611296875 0.8438538203125001