0 0 0 0 1 0.9950819671875 1 1 0.9877049187500001 1 0 0 0
1 0.45737704843750004 0.370491803125 0.491803278125 0.321311475 0.48524590156249997 0.3032786890625 0.4360655734375 0.291803278125 0.41147540937500005 0.21147540937499998 0.39672131093749996 0.1852459015625 0.3819672125 0.17377049218750001 0.37213114687500004 0.17868852500000001 0.2852459015625 0.30163934375 0.22459016406250001 0.427868853125 0.24098360625 0.488524590625 0.23934426250000002 0.550819671875 0.229508196875 0.5688524593750001 0.208196721875 0.5770491796874999 0.209836065625 0.6754098359375 0.227868853125 0.749180328125 0.247540984375 0.7852459015625 0.26557377031249996 0.8032786890624999 0.2934426234375 0.808196721875 0.3163934421875 0.7983606562500001 0.3229508203125 0.7852459015625 0.321311475 0.7573770484375 0.35081967187499996 0.7442622953125 0.37213114687500004 0.7180327875 0.3868852453125 0.6245901640625 0.4049180328125 0.6016393437499999 0.41475409843750005 0.45737704843750004 0.421311475 0.44426229531250006 0.4344262296875 0.43934426249999997 0.45737704843750004 0.370491803125
1 0.031147540624999998 0.8311475406250001 0.0426229515625 0.8573770484375001 0.0557377046875 0.868852459375 0.08360655781250001 0.868852459375 0.1606557375 0.8196721312499999 0.1770491796875 0.770491803125 0.172131146875 0.6868852453125001 0.16229508125 0.6606557375000001 0.1459016390625 0.65901639375 0.13278688593750002 0.6672131140625 0.12459016406250001 0.6868852453125001 0.12786885312500001 0.7180327875 0.088524590625 0.7196721312500001 0.032786885937499996 0.7803278687499999 0.031147540624999998 0.8311475406250001
1 0.59836065625 0.908196721875 0.6147540984375001 0.9114754093749999 0.6327868859375 0.9 0.6459016390625 0.8622950812499999 0.650819671875 0.8180327875 0.6442622953125 0.7672131140625 0.621311475 0.7229508203125 0.6098360656249999 0.7147540984375 0.6016393437499999 0.7163934421875 0.5868852453125 0.73770491875 0.5737704921875 0.8032786890624999 0.58032786875 0.8737704921875 0.59836065625 0.908196721875
1 0.5245901640625 0.9327868859375 0.53770491875 0.9327868859375 0.5442622953125 0.9163934421875 0.5344262296875 0.891803278125 0.5262295078125 0.8934426234374999 0.5180327874999999 0.9065573765625 0.5245901640625 0.9327868859375
1 0.54098360625 0.8344262296875 0.5393442625 0.808196721875 0.5180327874999999 0.7852459015625 0.5 0.790163934375 0.491803278125 0.8147540984375 0.4967213109375 0.8426229515625 0.5131147546875 0.8639344265625001 0.5262295078125 0.8655737703125 0.5344262296875 0.8573770484375001 0.54098360625 0.8344262296875
1 0.7557377046875 0.6459016390625 0.7540983609375 0.672131146875 0.7606557375 0.6852459015625 0.7754098359375 0.690163934375 0.7852459015625 0.672131146875 0.7852459015625 0.65901639375 0.7737704921875 0.63770491875 0.7557377046875 0.6459016390625
1 0.708196721875 0.588524590625 0.7262295078125 0.547540984375 0.727868853125 0.508196721875 0.7065573765625001 0.45901639375 0.6409836062500001 0.43934426249999997 0.621311475 0.46229508125 0.611475409375 0.5131147546875 0.6262295078125 0.572131146875 0.66229508125 0.6065573765625001 0.6819672125 0.608196721875 0.708196721875 0.588524590625
1 0.76229508125 0.75901639375 0.7475409843749999 0.7606557375 0.74098360625 0.7737704921875 0.7393442625 0.7983606562500001 0.749180328125 0.811475409375 0.7606557375 0.8131147546875 0.772131146875 0.80163934375 0.772131146875 0.770491803125 0.76229508125 0.75901639375
1 0.6819672125 0.668852459375 0.6655737703125 0.6754098359375 0.6573770484375 0.7 0.65901639375 0.721311475 0.668852459375 0.7360655734375 0.68032786875 0.7393442625 0.6950819671875 0.7229508203125 0.6950819671875 0.690163934375 0.6819672125 0.668852459375
1 0.5967213109375 0.6180327875 0.611475409375 0.58032786875 0.6065573765625001 0.529508196875 0.5852459015625 0.5032786890625001 0.5737704921875 0.5032786890625001 0.5606557375000001 0.5131147546875 0.5459016390625 0.55901639375 0.547540984375 0.6032786890625 0.5672131140625 0.6278688531250001 0.578688525 0.629508196875 0.5967213109375 0.6180327875
1 0.45901639375 0.6426229515624999 0.450819671875 0.6754098359375 0.45737704843750004 0.721311475 0.46229508125 0.7229508203125 0.46229508125 0.6737704921875001 0.470491803125 0.66229508125 0.46885245937500003 0.6344262296875 0.45901639375 0.6426229515624999
1 0.51967213125 0.7524590156250001 0.527868853125 0.709836065625 0.5245901640625 0.629508196875 0.5180327874999999 0.61967213125 0.491803278125 0.6131147546875 0.47540983593749997 0.621311475 0.47868852500000003 0.691803278125 0.47213114687499996 0.7540983609375 0.48032786875 0.7639344265625 0.49836065625000003 0.7655737703125001 0.51967213125 0.7524590156250001
1 0.45901639375 0.53770491875 0.47213114687499996 0.5639344265624999 0.4819672125 0.570491803125 0.49344262343749995 0.5737704921875 0.5163934421875 0.5655737703125 0.5311475406249999 0.550819671875 0.54098360625 0.5229508203125001 0.5426229515625 0.4967213109375 0.529508196875 0.44098360625 0.5163934421875 0.4163934421875 0.5032786890625001 0.40983606562499997 0.4836065578125 0.41147540937500005 0.47213114687499996 0.421311475 0.45737704843750004 0.46229508125 0.45901639375 0.53770491875
1 0.7770491796875 0.1836065578125 0.7245901640625 0.252459015625 0.729508196875 0.2573770484375 0.729508196875 0.2934426234375 0.708196721875 0.3163934421875 0.6885245906249999 0.3229508203125 0.7 0.37377049218749997 0.7163934421875 0.3770491796875 0.73770491875 0.40327868906250003 0.73770491875 0.44098360625 0.75901639375 0.47213114687499996 0.7754098359375 0.4836065578125 0.790163934375 0.4868852453125 0.8606557374999999 0.4737704921875 0.8885245906250001 0.45737704843750004 0.9278688531249999 0.408196721875 0.94098360625 0.35901639375 0.9426229515625 0.3 0.9295081968750001 0.250819671875 0.9032786890625 0.208196721875 0.870491803125 0.1819672125 0.8377049187500001 0.170491803125 0.791803278125 0.170491803125 0.7770491796875 0.1836065578125
1 0.8393442625 0.7327868859375 0.8245901640625 0.73770491875 0.8147540984375 0.7639344265625 0.8196721312499999 0.7983606562500001 0.8311475406250001 0.8131147546875 0.850819671875 0.811475409375 0.8606557374999999 0.7950819671875 0.8590163937499999 0.750819671875 0.8393442625 0.7327868859375
1 1 0.46327868906249997 0.9934426234375 0.4540983609375 0.9803278687500001 0.4540983609375 0.9639344265625001 0.4737704921875 0.9639344265625001 0.5131147546875 0.9786885249999999 0.5360655734375 0.9934426234375 0.5360655734375 1 0.5229508203125001 1 0.46327868906249997
1 1 0.698907103125 0.9967213109375 0.6770491796875 0.972131146875 0.647540984375 0.9606557375 0.649180328125 0.9557377046875001 0.672131146875 0.9786885249999999 0.709836065625 0.99836065625 0.8196721312499999 1 0.7647540984375001 1 0.698907103125
1 0.3868852453125 0 0.3868852453125 0.009836065625 0.40327868906250003 0.0655737703125 0.41147540937500005 0.078688525 0.452459015625 0.1032786890625 0.4950819671875 0.1426229515625 0.50163934375 0.14754098437500002 0.6 0.1459016390625 0.629508196875 0.1360655734375 0.650819671875 0.1032786890625 0.6868852453125001 0.068852459375 0.6540983609375 0.047540984375 0.6524590156250001 0.022950820312500002 0.66229508125 0.00163934375 0.6733606562500001 0 0.3868852453125 0
1 0.2967213109375 0.022950820312500002 0.28032786875000004 0.031147540624999998 0.272131146875 0.0540983609375 0.272131146875 0.0819672125 0.2836065578125 0.10163934375000001 0.30163934375 0.1 0.3147540984375 0.078688525 0.3131147546875 0.0442622953125 0.2967213109375 0.022950820312500002
1 0.1769001484375 0 0.172131146875 0.05245901562500001 0.1819672125 0.10163934375000001 0.209836065625 0.1426229515625 0.227868853125 0.1442622953125 0.2442622953125 0.12950819687499998 0.2540983609375 0.1 0.2540983609375 0.06393442656250001 0.24918032812500002 0.011475409374999999 0.24508196718750003 0 0.1769001484375 0
1 0.16885245937499999 0.2967213109375 0.152459015625 0.308196721875 0.1442622953125 0.3393442625 0.14754098437500002 0.370491803125 0.1606557375 0.391803278125 0.18032786875 0.391803278125 0.19508196718749998 0.35737704843749996 0.188524590625 0.309836065625 0.16885245937499999 0.2967213109375
1 0.0655737703125 0.6032786890625 0.090163934375 0.59836065625 0.09836065625 0.5737704921875 0.09344262343750001 0.547540984375 0.05901639374999999 0.547540984375 0.0557377046875 0.58032786875 0.0655737703125 0.6032786890625
1 0.150819671875 0.41475409843750005 0.12950819687499998 0.41475409843750005 0.11803278749999999 0.427868853125 0.11311475468750001 0.45573770468749997 0.11967213125000001 0.4868852453125 0.12950819687499998 0.50163934375 0.16229508125 0.4868852453125 0.1672131140625 0.4459016390625 0.150819671875 0.41475409843750005
1 0.8868852453124999 0.4672131140625 0.872131146875 0.47213114687499996 0.8655737703125 0.4836065578125 0.8672131140625 0.511475409375 0.8819672125 0.54098360625 0.9 0.5426229515625 0.908196721875 0.5311475406249999 0.9032786890625 0.49016393437500005 0.8868852453124999 0.4672131140625
1 0.772131146875 0.091803278125 0.7606557375 0.0950819671875 0.7524590156250001 0.111475409375 0.7524590156250001 0.12786885312500001 0.7606557375 0.14098360625 0.7754098359375 0.1393442625 0.7836065578125 0.12786885312500001 0.7836065578125 0.10983606562499999 0.772131146875 0.091803278125
1 0.6131147546875 0.4 0.6 0.4 0.5934426234375 0.40983606562499997 0.591803278125 0.43770491875 0.59836065625 0.4540983609375 0.6147540984375001 0.45573770468749997 0.6262295078125 0.4344262296875 0.6262295078125 0.41803278749999995 0.6131147546875 0.4
1 0.5672131140625 0.42950819687499997 0.552459015625 0.4344262296875 0.5442622953125 0.45573770468749997 0.5459016390625 0.47868852500000003 0.5557377046875 0.49344262343749995 0.5672131140625 0.4950819671875 0.58032786875 0.4672131140625 0.5770491796874999 0.44098360625 0.5672131140625 0.42950819687499997
1 0.6049180328125 0.29836065624999997 0.572131146875 0.28688524531250004 0.5639344265624999 0.291803278125 0.55901639375 0.321311475 0.6016393437499999 0.3147540984375 0.6049180328125 0.29836065624999997
1 0.9540983609374999 0.4344262296875 0.9786885249999999 0.43114754062499994 0.9737704921875 0.4065573765625 0.9524590156249999 0.408196721875 0.9540983609374999 0.4344262296875
1 0.12131147499999999 0.12786885312500001 0.1163934421875 0.1229508203125 0.09836065625 0.12786885312500001 0.0950819671875 0.1459016390625 0.11803278749999999 0.14754098437500002 0.12131147499999999 0.12786885312500001