0 1 0.012751678124999999 0.9832214765625 0.013422818750000001 0.97818791875 0.020134228125 0.6392617453125 0.020134228125 0.5453020140625 0.0302013421875 0.479865771875 0.0234899328125 0.3842281875 0.026845637500000002 0.248322146875 0.013422818750000001 0.149328859375 0.0302013421875 0 0.0302013421875 0 1 1 1 1 0.012751678124999999
1 0.60234899375 0.5 0.6526845640625 0.5352349000000001 0.6711409390624999 0.528523490625 0.68288590625 0.47818791875000005 0.765100671875 0.453020134375 0.791946309375 0.4379194625 0.803691275 0.42281879218749996 0.79865771875 0.41275167812499997 0.6728187921875 0.323825503125 0.5436241609375 0.2617449671875 0.4815436234375 0.278523490625 0.417785234375 0.2768456375 0.399328859375 0.2667785234375 0.390939596875 0.24496644218750002 0.29026845625000003 0.2466442953125 0.21476510000000001 0.265100671875 0.1778523484375 0.28523489999999996 0.1593959734375 0.303691275 0.154362415625 0.33221476562499996 0.1644295296875 0.35570469843749997 0.1778523484375 0.3624161078125 0.20637583906249998 0.3607382546875 0.21979865781250002 0.390939596875 0.2466442953125 0.41275167812499997 0.3422818796875 0.42785234843750003 0.3657718125 0.446308725 0.51342281875 0.4563758390625 0.5268456375 0.4630872484375 0.5318791953125 0.47651006718750005 0.60234899375 0.5
1 0.1308724828125 0.0637583890625 0.10402684531249999 0.07550335625 0.0922818796875 0.088926175 0.0922818796875 0.11744966406249999 0.14261744999999998 0.19630872500000002 0.1929530203125 0.21308724843750002 0.278523490625 0.20805369062499998 0.305369128125 0.19798657656250002 0.3070469796875 0.181208053125 0.29865771875 0.16778523437499998 0.278523490625 0.1593959734375 0.2466442953125 0.162751678125 0.24496644218750002 0.122483221875 0.18288590625 0.06543624218750001 0.1308724828125 0.0637583890625
1 0.0520134234375 0.6442953015625 0.04865771875 0.661073825 0.060402684375 0.6795302015625 0.0989932890625 0.6929530203125001 0.14429530156249998 0.6979865765625 0.19630872500000002 0.6912751671875 0.2416107375 0.6677852343749999 0.25 0.65604026875 0.248322146875 0.64765100625 0.2265100671875 0.6325503359375 0.1593959734375 0.6191275171874999 0.087248321875 0.6258389265625001 0.0520134234375 0.6442953015625
1 0.026845637500000002 0.568791946875 0.026845637500000002 0.5822147656250001 0.0436241609375 0.588926175 0.068791946875 0.5788590609375001 0.06711409375 0.5704697984375 0.053691275000000004 0.5620805375 0.026845637500000002 0.568791946875
1 0.127516778125 0.5855704703125 0.154362415625 0.5838926171875001 0.1778523484375 0.5620805375 0.17281879218750001 0.5436241609375 0.14765100625 0.5352349000000001 0.1191275171875 0.54026845625 0.0973154359375 0.5570469796874999 0.095637584375 0.5704697984375 0.10402684531249999 0.5788590609375001 0.127516778125 0.5855704703125
1 0.3204697984375 0.805369128125 0.2936241609375 0.803691275 0.2802013421875 0.8104026843750001 0.2751677859375 0.8255033562499999 0.2936241609375 0.8355704703125 0.3070469796875 0.8355704703125 0.3288590609375 0.823825503125 0.3204697984375 0.805369128125
1 0.37919463124999997 0.756711409375 0.42114093906249994 0.7751677859375 0.46140939531249997 0.7768456375 0.5117449671875 0.7550335578125 0.5318791953125 0.6879194625 0.5083892624999999 0.6677852343749999 0.4563758390625 0.6577181203125 0.3959731546875 0.6728187921875 0.3607382546875 0.70973154375 0.359060403125 0.729865771875 0.37919463124999997 0.756711409375
1 0.2046979859375 0.8120805375 0.203020134375 0.796979865625 0.18959731562499998 0.79026845625 0.1644295296875 0.7885906046875 0.1510067109375 0.79865771875 0.149328859375 0.8104026843750001 0.161073825 0.8221476515624999 0.1929530203125 0.8221476515624999 0.2046979859375 0.8120805375
1 0.296979865625 0.729865771875 0.29026845625000003 0.7130872484374999 0.265100671875 0.7046979859375 0.24328859062500002 0.7063758390625 0.22818791875 0.716442953125 0.2248322140625 0.72818791875 0.2416107375 0.743288590625 0.2751677859375 0.743288590625 0.296979865625 0.729865771875
1 0.3489932890625 0.64261745 0.3875838921875 0.6577181203125 0.43959731562500004 0.6526845640625 0.46644295312499995 0.6308724828125001 0.46644295312499995 0.6191275171874999 0.4563758390625 0.6057046984375 0.4093959734375 0.5906040265625 0.364093959375 0.5922818796875 0.338926175 0.6124161078125 0.337248321875 0.6241610734374999 0.3489932890625 0.64261745
1 0.323825503125 0.501677853125 0.29026845625000003 0.493288590625 0.24328859062500002 0.5 0.2416107375 0.5050335578125 0.291946309375 0.5050335578125 0.303691275 0.51342281875 0.33221476562499996 0.5117449671875 0.323825503125 0.501677853125
1 0.21140939531249997 0.5637583890625 0.2550335578125 0.5721476515624999 0.337248321875 0.568791946875 0.3473154359375 0.5620805375 0.3540268453125 0.5352349000000001 0.34563758437500003 0.5184563765625 0.2734899328125 0.52181208125 0.20973154374999997 0.515100671875 0.1996644296875 0.5234899328125 0.19798657656250002 0.541946309375 0.21140939531249997 0.5637583890625
1 0.43120805312500005 0.501677853125 0.40436241562499997 0.515100671875 0.39765100625 0.5251677859375 0.39429530156250003 0.5369127515625001 0.4026845640625 0.560402684375 0.417785234375 0.57550335625 0.446308725 0.5855704703125 0.4731543625 0.587248321875 0.5302013421875 0.5738255031249999 0.555369128125 0.560402684375 0.5620805375 0.546979865625 0.560402684375 0.5268456375 0.5503355703125 0.515100671875 0.5083892624999999 0.5 0.43120805312500005 0.501677853125
1 0.7936241609375 0.8271812078125 0.7231543625 0.7734899328125 0.7181208046875 0.778523490625 0.681208053125 0.778523490625 0.6577181203125 0.756711409375 0.6510067109375 0.73657718125 0.5989932890625 0.748322146875 0.595637584375 0.765100671875 0.568791946875 0.7869127515625001 0.5302013421875 0.7869127515625001 0.498322146875 0.8087248328125 0.48657718125000005 0.8255033562499999 0.48322147656250003 0.8406040265625 0.4966442953125 0.912751678125 0.51342281875 0.9412751671875 0.5637583890625 0.9815436234374999 0.614093959375 0.9949664421875 0.67449664375 0.9966442953125 0.7248322140625 0.9832214765625 0.7684563765625 0.9563758390625001 0.7953020140625 0.9228187921875 0.8070469796875 0.8892617453125 0.8070469796875 0.8422818796874999 0.7936241609375 0.8271812078125
1 0.23154362343749998 0.8909395968749999 0.2265100671875 0.8758389265625001 0.1996644296875 0.8657718125 0.1644295296875 0.8708053687499999 0.149328859375 0.8825503359375 0.1510067109375 0.9026845640625 0.16778523437499998 0.912751678125 0.21308724843750002 0.9110738250000001 0.23154362343749998 0.8909395968749999
1 1 0.42785234843750003 0.971476509375 0.42785234843750003 0.9144295296875 0.444630871875 0.9010067109375001 0.453020134375 0.8758389265625001 0.4949664421875 0.8355704703125 0.5385906046875 0.8305369125000001 0.5453020140625 0.832214765625 0.6459731546875 0.8422818796874999 0.6761744968750001 0.8758389265625001 0.6979865765625 0.9110738250000001 0.734899328125 0.9328859062499999 0.70134228125 0.958053690625 0.6996644296875 0.979865771875 0.70973154375 0.98657718125 0.7550335578125 1 0.7550335578125 1 0.42785234843750003
1 0.958053690625 0.3355704703125 0.9496644296874999 0.318791946875 0.926174496875 0.31040268437499996 0.8976510062499999 0.31040268437499996 0.877516778125 0.3221476515625 0.8791946312500001 0.3406040265625 0.9010067109375001 0.3540268453125 0.9362416109374999 0.35234899375 0.958053690625 0.3355704703125
1 1 0.21461256875 0.9278523484375001 0.20805369062499998 0.877516778125 0.2181208046875 0.8355704703125 0.2466442953125 0.8338926171875001 0.265100671875 0.8489932890624999 0.2818791953125 0.8791946312500001 0.291946309375 0.9161073828124999 0.291946309375 0.9697986578125001 0.28691275156249996 1 0.276126559375 1 0.21461256875
1 0.6778523484375001 0.2046979859375 0.6661073828124999 0.1879194625 0.6342281875 0.1795302015625 0.60234899375 0.18288590625 0.5805369125000001 0.19630872500000002 0.5805369125000001 0.216442953125 0.6157718125 0.23154362343749998 0.6644295296875 0.2248322140625 0.6778523484375001 0.2046979859375
1 0.364093959375 0.0989932890625 0.36912751718750003 0.1241610734375 0.39429530156250003 0.1325503359375 0.42114093906249994 0.127516778125 0.42114093906249994 0.0922818796875 0.3875838921875 0.088926175 0.364093959375 0.0989932890625
1 0.5570469796874999 0.1862416109375 0.5570469796874999 0.1644295296875 0.5436241609375 0.1526845640625 0.515100671875 0.14765100625 0.48322147656250003 0.154362415625 0.46812080468749995 0.1644295296875 0.48322147656250003 0.19798657656250002 0.5251677859375 0.203020134375 0.5570469796874999 0.1862416109375
1 0.5033557046875 0.9395973156249999 0.498322146875 0.9244966437500001 0.48657718125000005 0.917785234375 0.458053690625 0.9194630874999999 0.42785234843750003 0.9345637578125 0.42617449687500003 0.9530201343750001 0.4379194625 0.9614093953125 0.479865771875 0.9563758390625001 0.5033557046875 0.9395973156249999
1 0.8875838921874999 0.8221476515624999 0.8842281875 0.8104026843750001 0.8674496640625 0.8020134234375 0.850671140625 0.8020134234375 0.837248321875 0.8104026843750001 0.8389261749999999 0.8255033562499999 0.850671140625 0.8338926171875001 0.8691275171875 0.8338926171875001 0.8875838921874999 0.8221476515624999
1 0.5721476515624999 0.6593959734375 0.5721476515624999 0.6459731546875 0.5620805375 0.6392617453125 0.533557046875 0.6375838921875 0.5167785234375 0.6442953015625 0.515100671875 0.661073825 0.5369127515625001 0.6728187921875 0.553691275 0.6728187921875 0.5721476515624999 0.6593959734375
1 0.541946309375 0.6124161078125 0.5369127515625001 0.5973154359375 0.515100671875 0.588926175 0.4916107375 0.5906040265625 0.47651006718750005 0.600671140625 0.4748322140625 0.6124161078125 0.5033557046875 0.6258389265625001 0.5302013421875 0.6224832218749999 0.541946309375 0.6124161078125
1 0.6761744968750001 0.6510067109375 0.6879194625 0.6174496640625 0.68288590625 0.609060403125 0.6526845640625 0.6040268453125 0.6593959734375 0.64765100625 0.6761744968750001 0.6510067109375
1 0.850671140625 0.15604026875000002 0.8557046984375001 0.1510067109375 0.850671140625 0.1325503359375 0.832214765625 0.12919463125 0.8305369125000001 0.1526845640625 0.850671140625 0.15604026875000002