0 0.317275746875 0.49335548124999995 0.3156146171875 0.6063122921875 0.30398671093749996 0.6644518265625 0.3073089703125 0.7142857140625 0.317275746875 0.7425249171875 0.34551495 0.774086378125 0.42691029843750006 0.805647840625 0.4950166109375 0.8255813953125 0.5913621265625 0.8355481734374999 0.6611295687500001 0.8372093015625 0.7607973421875001 0.827242525 0.910299003125 0.7923588046875001 0.92026578125 0.7790697671875 0.92524916875 0.7541528234375 0.9352159468749999 0.7475083062500001 0.9435215953125 0.632890365625 0.9435215953125 0.49667774062500003 0.9352159468749999 0.48837209374999996 0.9036544843750001 0.485049834375 0.323920265625 0.48338870468749995 0.317275746875 0.49335548124999995
1 0.6710963453125001 0.744186046875 0.6528239203124999 0.737541528125 0.644518271875 0.7408637875 0.6461794015625 0.7508305640625 0.66611295625 0.7524916937499999 0.6710963453125001 0.744186046875
1 0.700996678125 0.712624584375 0.7275747515625001 0.7109634546875 0.7325581390625 0.700996678125 0.7225913625 0.6943521593749999 0.7026578078125 0.6960132890625 0.6960132890625 0.7043189375 0.700996678125 0.712624584375
1 0.639534884375 0.67940199375 0.6162790703125001 0.676079734375 0.6096345515625 0.682724253125 0.6129568109375 0.6893687703125 0.6345514953125 0.6910299 0.639534884375 0.67940199375
1 0.59800664375 0.5863787375 0.619601328125 0.5880398671875 0.6312292359375 0.576411959375 0.6229235875 0.5681063125 0.6046511625 0.5664451828125 0.59302325625 0.5730897015624999 0.59800664375 0.5863787375
1 0.5415282390625 0.7292358796875 0.5199335546875 0.725913621875 0.514950165625 0.730897009375 0.5182724249999999 0.7392026578124999 0.5365448500000001 0.7408637875 0.5415282390625 0.7292358796875
1 0.546511628125 0.576411959375 0.528239203125 0.5697674421875 0.5182724249999999 0.57475083125 0.521594684375 0.5847176078125 0.5415282390625 0.5847176078125 0.546511628125 0.576411959375
0 0.7275747515625001 0.071428571875 0.6129568109375 0.06478405312499999 0.528239203125 0.0730897015625 0.380398671875 0.10963455156249999 0.3372093015625 0.1627906984375 0.323920265625 0.2176079734375 0.3289036546875 0.33388704375 0.32059800625 0.37375415312500004 0.3289036546875 0.39202657812499997 0.3255813953125 0.410299003125 0.37375415312500004 0.4186046515625 0.8106312296875 0.42026578125 0.82059800625 0.4152823921875 0.88870431875 0.423588040625 0.8853820593749999 0.41694352187500006 0.9069767437499999 0.40365448437499996 0.9435215953125 0.40697674375000004 0.953488371875 0.31893687656249997 0.9518272421875 0.12292358750000001 0.9435215953125 0.11129568125 0.8438538203125001 0.0880398671875 0.7491694359375 0.07973421875 0.7275747515625001 0.071428571875
1 0.6926910296875 0.3322259140625 0.669435215625 0.33056478437500003 0.6644518265625 0.3355481734375 0.6677740859375 0.342192690625 0.6860465109375 0.3438538203125 0.6926910296875 0.3322259140625
1 0.589700996875 0.2275747515625 0.6079734218749999 0.22923587968749998 0.6179401999999999 0.21926910312499998 0.61129568125 0.212624584375 0.59302325625 0.212624584375 0.5863787375 0.2176079734375 0.589700996875 0.2275747515625
1 0.762458471875 0.194352159375 0.7392026578124999 0.1910299 0.7358803984375 0.19767441875 0.7408637875 0.2026578078125 0.7607973421875001 0.2026578078125 0.762458471875 0.194352159375
1 0.651162790625 0.157807309375 0.632890365625 0.151162790625 0.6229235875 0.157807309375 0.6245847171875 0.16611295625 0.644518271875 0.1677740859375 0.651162790625 0.157807309375
1 0.54318936875 0.3687707640625 0.56146179375 0.3654485046875 0.5481727578125 0.35880398593749996 0.5415282390625 0.3621262453125 0.54318936875 0.3687707640625
1 0.6428571421875 0.1428571421875 0.657807309375 0.144518271875 0.6627906984374999 0.13787375468750002 0.64784053125 0.132890365625 0.6428571421875 0.1428571421875