0 0.654362415625 0.5100671140624999 0.65604026875 0.3959731546875 0.6677852343749999 0.337248321875 0.6644295296875 0.28691275156249996 0.654362415625 0.2583892625 0.6258389265625001 0.2265100671875 0.5436241609375 0.194630871875 0.4748322140625 0.17449664375 0.377516778125 0.1644295296875 0.3070469796875 0.162751678125 0.20637583906249998 0.17281879218750001 0.055369128125 0.20805369062499998 0.0453020140625 0.22147650937500002 0.04026845625 0.2466442953125 0.0302013421875 0.2533557046875 0.02181208125 0.36912751718750003 0.02181208125 0.506711409375 0.0302013421875 0.515100671875 0.0620805375 0.5184563765625 0.64765100625 0.520134228125 0.654362415625 0.5100671140624999
1 0.296979865625 0.256711409375 0.3154362421875 0.26342281875 0.323825503125 0.2600671140625 0.3221476515625 0.25 0.3020134234375 0.248322146875 0.296979865625 0.256711409375
1 0.2667785234375 0.28859060468750003 0.2399328859375 0.29026845625000003 0.23489932812499997 0.3003355703125 0.24496644218750002 0.3070469796875 0.265100671875 0.305369128125 0.27181208125 0.296979865625 0.2667785234375 0.28859060468750003
1 0.3288590609375 0.3221476515625 0.35234899375 0.32550335625 0.359060403125 0.318791946875 0.35570469843749997 0.31208053750000003 0.33389261718749996 0.31040268437499996 0.3288590609375 0.3221476515625
1 0.37080536875000003 0.4161073828125 0.3489932890625 0.41442952968749996 0.337248321875 0.42617449687500003 0.34563758437500003 0.4345637578125 0.364093959375 0.4362416109375 0.3758389265625 0.42953020156250005 0.37080536875000003 0.4161073828125
1 0.42785234843750003 0.27181208125 0.4496644296875 0.2751677859375 0.4546979859375 0.270134228125 0.45134228125 0.2617449671875 0.43288590625 0.2600671140625 0.42785234843750003 0.27181208125
1 0.42281879218749996 0.42617449687500003 0.44127516718750004 0.43288590625 0.45134228125 0.42785234843750003 0.4479865765625 0.417785234375 0.42785234843750003 0.417785234375 0.42281879218749996 0.42617449687500003
0 0.2399328859375 0.9362416109374999 0.35570469843749997 0.9429530203125 0.44127516718750004 0.9345637578125 0.5906040265625 0.8976510062499999 0.6342281875 0.84395973125 0.64765100625 0.7885906046875 0.64261745 0.6711409390624999 0.6510067109375 0.6308724828125001 0.64261745 0.6124161078125 0.6459731546875 0.59395973125 0.5973154359375 0.5855704703125 0.15604026875000002 0.5838926171875001 0.1459731546875 0.588926175 0.0771812078125 0.5805369125000001 0.0805369125 0.587248321875 0.0587248328125 0.600671140625 0.02181208125 0.5973154359375 0.0117449671875 0.6862416109375 0.013422818750000001 0.8842281875 0.02181208125 0.8959731546875 0.122483221875 0.9194630874999999 0.2181208046875 0.9278523484375001 0.2399328859375 0.9362416109374999
1 0.2751677859375 0.6728187921875 0.29865771875 0.67449664375 0.303691275 0.6694630874999999 0.3003355703125 0.662751678125 0.2818791953125 0.661073825 0.2751677859375 0.6728187921875
1 0.37919463124999997 0.778523490625 0.3607382546875 0.7768456375 0.350671140625 0.7869127515625001 0.35738254999999997 0.7936241609375 0.3758389265625 0.7936241609375 0.3825503359375 0.7885906046875 0.37919463124999997 0.778523490625
1 0.2046979859375 0.8120805375 0.22818791875 0.8154362421875 0.23154362343749998 0.8087248328125 0.2265100671875 0.803691275 0.20637583906249998 0.803691275 0.2046979859375 0.8120805375
1 0.31711409375 0.8489932890624999 0.3355704703125 0.8557046984375001 0.34563758437500003 0.8489932890624999 0.34395973125 0.8406040265625 0.323825503125 0.8389261749999999 0.31711409375 0.8489932890624999
1 0.42617449687500003 0.635906040625 0.4077181203125 0.6392617453125 0.42114093906249994 0.6459731546875 0.42785234843750003 0.64261745 0.42617449687500003 0.635906040625
1 0.32550335625 0.864093959375 0.31040268437499996 0.8624161078125001 0.305369128125 0.8691275171875 0.3204697984375 0.8741610734374999 0.32550335625 0.864093959375