0 0 0 0 1 0.5790377999999999 1 0.5790377999999999 0.9965635734375 0.5927835046875 0.9776632296875001 0.6288659796875 0.9621993124999999 0.8711340203125 0.9639175249999999 0.9329896906249999 0.98109965625 0.9343397140624999 1 1 1 1 0 0.9347079031250001 0 0.9054982812500001 0 0.8865979375 0 0 0
0 0.9661266562499999 0 0.97938144375 0.010309278125 0.98281786875 0.2268041234375 0.972508590625 0.36597938124999996 0.9604811 0.4278350515625 0.9467353953125001 0.43298969062500003 0.374570446875 0.43127147812500005 0.3109965640625 0.4295532640625 0.30240549843750003 0.424398625 0.29381443281249997 0.4295532640625 0.2680412375 0.4226804125 0.2319587625 0.4295532640625 0.21305841874999998 0.4226804125 0.202749140625 0.43127147812500005 0.0824742265625 0.43127147812500005 0.0618556703125 0.42096220000000006 0 0.4166466875 0 0.530927834375 0.20790377968749998 0.530927834375 0.21477663281249998 0.5257731953125 0.21821305781250003 0.530927834375 0.2457044671875 0.530927834375 0.257731959375 0.5257731953125 0.2628865984375 0.5326460484375 0.45876288593750003 0.5274914093749999 0.9140893468750001 0.5326460484375 0.9467353953125001 0.5378006875 0.9587628859375 0.5532646046874999 0.9621993124999999 0.6048109968750001 0.9484536078125 0.94329896875 0.9381443296875001 0.9656357390625001 0.9106529203125 0.97938144375 0.8178694156249999 0.9742268046874999 0.8178694156249999 0.9656357390625001 0.73024055 0.9656357390625001 0.7250859109375 0.972508590625 0.7147766328125 0.9656357390625001 0.7079037796875001 0.972508590625 0.625429553125 0.9673539515625 0.6202749140625 0.9776632296875001 0.5910652921875 0.9862542953125001 0.5873997703125 1 1 1 1 0 0.9661266562499999 0
0 0.9381443296875001 0.5429553265625 0.8745704468750001 0.536082475 0.2680412375 0.5343642609375 0.24398625468750001 0.5395189 0.23883161562500002 0.565292096875 0.2457044671875 0.5721649484375 0.24398625468750001 0.67353951875 0.23883161562500002 0.6786941578125 0.23883161562500002 0.805841925 0.23367697656250003 0.8230240546875001 0.2371134015625 0.8865979375 0.3419243984375 0.951890034375 0.453608246875 0.970790378125 0.585910653125 0.970790378125 0.63230240625 0.9604811 0.6855670109374999 0.9587628859375 0.702749140625 0.9639175249999999 0.7285223375000001 0.9570446734375 0.76975945 0.9656357390625001 0.912371134375 0.9656357390625001 0.931271478125 0.9570446734375 0.9364261171875 0.8608247421874999 0.9467353953125001 0.819587628125 0.9484536078125 0.5515463921875 0.9381443296875001 0.5429553265625
0 0.257731959375 0.5326460484375 0.24398625468750001 0.5378006875 0.23024055 0.8625429546875001 0.23539518906249998 0.8917525765625 0.36769759375 0.969072165625 0.469072165625 0.97938144375 0.5876288656249999 0.9776632296875001 0.606529209375 0.969072165625 0.663230240625 0.9621993124999999 0.9140893468750001 0.9673539515625 0.9329896906249999 0.9587628859375 0.9381443296875001 0.9536082468749999 0.9484536078125 0.8333333328125001 0.951890034375 0.5721649484375 0.9467353953125001 0.546391753125 0.912371134375 0.5378006875 0.8006872859374999 0.5343642609375 0.257731959375 0.5326460484375
1 0.7474226796875 0.8298969078124999 0.7714776624999999 0.82817869375 0.776632303125 0.8178694156249999 0.7663230234375 0.8109965640624999 0.740549828125 0.8127147765625 0.7353951890625 0.8230240546875001 0.7474226796875 0.8298969078124999
1 0.6872852234375 0.915807559375 0.70962199375 0.9175257734375 0.7113402062499999 0.9089347078125 0.6890034359375 0.9054982812500001 0.6872852234375 0.915807559375
1 0.836769759375 0.6993127140625 0.8092783499999999 0.694158075 0.8024054984375001 0.6975945015625 0.8075601375 0.70962199375 0.82646048125 0.7113402062499999 0.836769759375 0.6993127140625
0 0.26992708125 0 0.2628865984375 0.048109965625 0.2560137453125 0.2371134015625 0.2525773203125 0.3505154640625 0.259450171875 0.3883161515625 0.25085910624999996 0.4175257734375 0.257731959375 0.412371134375 0.2628865984375 0.4192439859375 0.453608246875 0.424398625 0.90378006875 0.4295532640625 0.9553264609375001 0.42096220000000006 0.9656357390625001 0.372852234375 0.972508590625 0.010309278125 0.9656357390625001 0.0034364265625 0.9381443296875001 0 0.701030928125 0 0.26992708125 0
0 0.27043280468750003 0 0.2560137453125 0.2371134015625 0.2525773203125 0.3505154640625 0.261168384375 0.3917525765625 0.2560137453125 0.41065292031249995 0.3711340203125 0.4226804125 0.5738831609374999 0.42611683906250003 0.9054982812500001 0.4295532640625 0.9570446734375 0.4192439859375 0.9656357390625001 0.36597938124999996 0.9742268046874999 0.09793814375 0.972508590625 0.025773195312500004 0.9639175249999999 0.0034364265625 0.683848796875 0.0017182125 0.6774054984375 0 0.27043280468750003 0
0 0.627147765625 0.1305841921875 0.6013745703125 0.1391752578125 0.5343642609375 0.144329896875 0.5051546390625 0.17525773125 0.4982817875 0.17353951875 0.4879725078125 0.183848796875 0.4845360828125 0.23024055 0.5 0.2560137453125 0.5137457046875 0.2560137453125 0.5618556703124999 0.280068728125 0.663230240625 0.276632303125 0.694158075 0.2628865984375 0.7044673546875 0.2474226796875 0.74914089375 0.2371134015625 0.7525773203125 0.2268041234375 0.719931271875 0.1993127140625 0.7182130578125 0.1924398625 0.7250859109375 0.1890034359375 0.721649484375 0.17353951875 0.7113402062499999 0.1580756015625 0.694158075 0.1494845359375 0.627147765625 0.1305841921875
1 0.694158075 0.2457044671875 0.7371134015624999 0.2474226796875 0.7525773203125 0.23024055 0.7319587624999999 0.21649484531250002 0.694158075 0.21821305781250003 0.6804123718749999 0.2285223375 0.694158075 0.2457044671875
0 0 0 0 0.4156226890625 0.24226804062500001 0.414089346875 0.257731959375 0.036082475 0.261012184375 0 0 0
1 0.510309278125 0.261168384375 0.4759450171875 0.259450171875 0.45704467343750005 0.26975945 0.45704467343750005 0.278350515625 0.469072165625 0.28694158125 0.510309278125 0.28865979375 0.52061855625 0.2817869421875 0.5223367703124999 0.26975945 0.510309278125 0.261168384375
1 0.5773195875 0.13573883125 0.6099656359375001 0.13230240625 0.6168384875 0.1185567015625 0.59450171875 0.1082474234375 0.568728521875 0.11168384843750001 0.5618556703124999 0.12714776562500002 0.5773195875 0.13573883125
1 0.510309278125 0.0807560140625 0.5395189 0.0824742265625 0.5515463921875 0.067010309375 0.5343642609375 0.05670103125 0.5120274921875 0.05841924375 0.5017182124999999 0.0704467359375 0.510309278125 0.0807560140625
1 0.4226804125 0.1305841921875 0.3969072171875 0.123711340625 0.3900343640625 0.1288659796875 0.3969072171875 0.1391752578125 0.412371134375 0.1391752578125 0.4226804125 0.1305841921875
1 0.43127147812500005 0.05841924375 0.40378006875 0.053264604687499995 0.3986254296875 0.05841924375 0.40206185625 0.067010309375 0.4226804125 0.068728521875 0.43127147812500005 0.05841924375
1 0.757731959375 0.34020618593749996 0.780068728125 0.3419243984375 0.7886597937500001 0.3298969078125 0.780068728125 0.3230240546875 0.761168384375 0.3230240546875 0.7525773203125 0.3298969078125 0.757731959375 0.34020618593749996
1 0.6683848796875 0.3780068734375 0.6855670109374999 0.38144329843749997 0.69072165 0.372852234375 0.6701030921875 0.3694158078125 0.6683848796875 0.3780068734375
1 0.78694158125 0.6082474234374999 0.8041237109375 0.6048109968750001 0.7920962203124999 0.6013745703125 0.78694158125 0.6082474234374999
0 0 0.530953209375 0.8024054984375001 0.5326460484375 0.9329896906249999 0.536082475 0.9553264609375001 0.5481099656249999 0.989690721875 0.4982817875 0.9948453609374999 0.45876288593750003 0.9862542953125001 0.43127147812500005 0.9570446734375 0.4278350515625 0 0.4178311 0 0.530953209375
0 0.5752688171875 1 0.575601375 0.9948453609374999 0.565292096875 0.9862542953125001 0.4879725078125 0.98281786875 0.47938144375 0.9931271484374999 0.453608246875 0.9982817875000001 0.45313096562500005 1 0.5752688171875 1
0 0.229069040625 1 0.221649484375 0.9673539515625 0.2285223375 0.805841925 0.2268041234375 0.6305841921875001 0.23367697656250003 0.5395189 0.2268041234375 0.5343642609375 0 0.5328420859375 0 1 0.229069040625 1
0 0.453608246875 0.7457044671874999 0.463917525 0.7731958765625 0.47938144375 0.776632303125 0.5068728515625 0.798969071875 0.5635738828125 0.8178694156249999 0.6134020625 0.8213058421874999 0.664948453125 0.8092783499999999 0.7079037796875001 0.7886597937500001 0.7319587624999999 0.7457044671874999 0.7250859109375 0.7147766328125 0.7147766328125 0.6993127140625 0.6872852234375 0.683848796875 0.6701030921875 0.664948453125 0.5773195875 0.654639175 0.5257731953125 0.663230240625 0.4656357390625 0.694158075 0.453608246875 0.7457044671874999