0 0 0 0 1 1 1 1 0 0 0
0 0.27557755781250004 0.0808580859375 0.2508250828125 0.0627062703125 0.13531353125 0.0643564359375 0.12706270625 0.0808580859375 0.12706270625 0.1732673265625 0.1155115515625 0.2541254125 0.1221122109375 0.28657865781249997 0.1155115515625 0.3613861390625 0.11881188125 0.448844884375 0.1303630359375 0.4603960390625 0.14356435625 0.46204620468749996 0.338283828125 0.4669967 0.4554455453125 0.4686468640625 0.4785478546875 0.4636963703125 0.4867986796875 0.45379537968749994 0.4950495046875 0.14356435625 0.490099009375 0.07755775625 0.448844884375 0.06930693125000001 0.363036303125 0.0726072609375 0.325907590625 0.11056105624999998 0.3168316828125 0.11056105624999998 0.3102310234375 0.10396039531250001 0.28877887812499997 0.10231023125000001 0.27557755781250004 0.0808580859375
1 0.354785478125 0.38118811875 0.379537953125 0.3844884484375 0.4125412546875 0.36633663437499997 0.4092409234375 0.297029703125 0.42409240937500003 0.21122112187500003 0.4042904296875 0.1584158421875 0.3960396046875 0.15181518125 0.3283828390625 0.2508250828125 0.3036303625 0.260726071875 0.2953795375 0.272277228125 0.3003300328125 0.3085808578125 0.313531353125 0.338283828125 0.354785478125 0.38118811875
1 0.2508250828125 0.1551155109375 0.2260726078125 0.14356435625 0.1963696375 0.1501650171875 0.18316831718749998 0.1732673265625 0.19306930625000002 0.19966996718750002 0.21617161718750003 0.2062706265625 0.247524753125 0.19966996718750002 0.25742574218750003 0.186468646875 0.2508250828125 0.1551155109375
1 0.31518151875 0.1072607265625 0.33168316875000003 0.11056105624999998 0.346534653125 0.0957095703125 0.3349834984375 0.0874587453125 0.321782178125 0.0874587453125 0.313531353125 0.0973597359375 0.31518151875 0.1072607265625
1 0.47359735937499997 0.415841584375 0.457095709375 0.41749174843750003 0.4455445546875 0.43234323437500005 0.448844884375 0.45214521406249997 0.45874587499999997 0.46204620468749996 0.4785478546875 0.46204620468749996 0.4867986796875 0.45049504999999995 0.4867986796875 0.425742575 0.47359735937499997 0.415841584375
0 0.5792079203125 0.534653465625 0.5528052812500001 0.5363036296875 0.541254125 0.5445544546875001 0.4686468640625 0.5511551156250001 0.44059405937499996 0.5297029703125 0.27887788750000003 0.526402640625 0.2541254125 0.5297029703125 0.252475246875 0.541254125 0.22937293749999998 0.541254125 0.22772277187499998 0.526402640625 0.13201320156250002 0.526402640625 0.11881188125 0.5363036296875 0.11386138593749999 0.559405940625 0.125412540625 0.6072607265625 0.11881188125 0.61881188125 0.1221122109375 0.669966996875 0.11386138593749999 0.7409240921875 0.11386138593749999 0.80693069375 0.11881188125 0.8118811875 0.11056105624999998 0.8217821781250001 0.11056105624999998 0.8333333328125001 0.12046204687499999 0.8349834984375001 0.1237623765625 0.85643564375 0.11056105624999998 0.8646864687500001 0.11056105624999998 0.8778877890624999 0.1237623765625 0.891089109375 0.1221122109375 0.9042904296875 0.11056105624999998 0.91419141875 0.1221122109375 0.9257425749999999 0.42409240937500003 0.9273927390625 0.4455445546875 0.9191419140624999 0.4702970296875 0.9207920796875 0.47359735937499997 0.9125412546874999 0.542904290625 0.9125412546874999 0.54950495 0.9273927390625 0.56930693125 0.932343234375 0.9042904296875 0.93894389375 0.9125412546874999 0.9306930687499999 0.915841584375 0.54950495 0.891089109375 0.5379537953125 0.5792079203125 0.534653465625
1 0.330033003125 0.6683168312500001 0.34323432343750004 0.678217821875 0.3696369640625 0.7161716171875 0.39768976875 0.7178217828125 0.42079207968750004 0.7079207921874999 0.43069306875 0.6947194718749999 0.43399340000000003 0.61056105625 0.425742575 0.5907590765624999 0.3960396046875 0.5709570953124999 0.33168316875000003 0.56930693125 0.2838283828125 0.5957095703124999 0.2772277234375 0.612211221875 0.27887788750000003 0.633663365625 0.2937293734375 0.6584158421875 0.330033003125 0.6683168312500001
1 0.34323432343750004 0.797029703125 0.313531353125 0.7920792078125001 0.27887788750000003 0.8118811875 0.2623762375 0.813531353125 0.2508250828125 0.8349834984375001 0.22112211249999997 0.8465346531250001 0.21782178281250003 0.8762376234374999 0.23927392812499998 0.8943894390624999 0.2689768984375 0.8943894390624999 0.280528053125 0.9108910890624999 0.297029703125 0.9125412546874999 0.3333333328125 0.9092409234375 0.3514851484375 0.8927392734374999 0.3943894390625 0.8943894390624999 0.41419141875000004 0.9108910890624999 0.457095709375 0.9125412546874999 0.46534653437499995 0.8729372937500001 0.45874587499999997 0.8399339937500001 0.46204620468749996 0.7986798687500001 0.4125412546875 0.7920792078125001 0.3861386140625 0.813531353125 0.36633663437499997 0.81518151875 0.34323432343750004 0.797029703125
1 0.3696369640625 0.8399339937500001 0.3514851484375 0.813531353125 0.3201320125 0.8102310234375001 0.29867986874999997 0.8201320125 0.2904290421875 0.83168316875 0.2904290421875 0.8613861390625001 0.3102310234375 0.8844884484375 0.3415841578125 0.8844884484375 0.36468646875 0.8679867984375 0.3696369640625 0.8399339937500001
1 0.3943894390625 0.755775578125 0.36633663437499997 0.755775578125 0.354785478125 0.7689768984375001 0.35643564375 0.7937293734375 0.37293729375 0.8052805281250001 0.38943894375 0.8052805281250001 0.4042904296875 0.7904290421875 0.4042904296875 0.772277228125 0.3943894390625 0.755775578125
1 0.22772277187499998 0.7590759078125 0.22112211249999997 0.7706270625 0.22277227656249998 0.8052805281250001 0.26402640312500003 0.80693069375 0.2739273921875 0.7854785484375 0.252475246875 0.7788778875 0.2458745875 0.7590759078125 0.22772277187499998 0.7590759078125
1 0.16831683125000002 0.1749174921875 0.161716171875 0.161716171875 0.15181518125 0.1633663359375 0.1501650171875 0.17161716093749999 0.1567656765625 0.178217821875 0.16831683125000002 0.1749174921875
1 0.6419141921875 0.7953795375 0.6633663359375 0.8267326734375 0.68481848125 0.8366336640625001 0.7227722765625 0.8333333328125001 0.7574257421875 0.813531353125 0.7821782171875 0.764026403125 0.7805280531250001 0.6963696374999999 0.772277228125 0.6815181515625001 0.747524753125 0.6633663359375 0.7046204625 0.6485148515625 0.6683168312500001 0.65181518125 0.6551155109375 0.6650165015625 0.636963696875 0.7145214515625 0.63531353125 0.7673267328125 0.6419141921875 0.7953795375
0 0.8630363031250001 0.4785478546875 0.9042904296875 0.475247525 0.9191419140624999 0.4669967 0.9257425749999999 0.11881188125 0.9207920796875 0.0792079203125 0.7937293734375 0.06930693125000001 0.5792079203125 0.0726072609375 0.56105610625 0.0792079203125 0.54950495 0.44059405937499996 0.5544554453125 0.46534653437499995 0.567656765625 0.47194719531249996 0.8630363031250001 0.4785478546875
1 0.6501650171875 0.26402640312500003 0.62706270625 0.27887788750000003 0.6237623765625 0.3085808578125 0.6468646859375 0.3366336640625 0.8168316828125001 0.382838284375 0.8448844890625 0.382838284375 0.8663366343750001 0.36468646875 0.8828382843749999 0.3184818484375 0.8811881187499999 0.3036303625 0.8729372937500001 0.2953795375 0.8498349828125 0.2953795375 0.8250825078125 0.321782178125 0.8085808578125 0.3267326734375 0.7838283828125 0.313531353125 0.7623762375 0.2871287125 0.7211221125 0.272277228125 0.6501650171875 0.26402640312500003
1 0.8927392734374999 0.20132013125 0.8943894390624999 0.17161716093749999 0.8861386140624999 0.15181518125 0.874587459375 0.1402640265625 0.8514851484375001 0.13201320156250002 0.8234323437500001 0.14356435625 0.81518151875 0.169966996875 0.8168316828125001 0.19801980156250001 0.8399339937500001 0.22112211249999997 0.8729372937500001 0.219471946875 0.8927392734374999 0.20132013125
1 0.7590759078125 0.11386138593749999 0.7508250828125 0.0973597359375 0.7211221125 0.0907590765625 0.6980198015625 0.10231023125000001 0.6881188125000001 0.12046204687499999 0.6881188125000001 0.13531353125 0.702970296875 0.153465346875 0.7293729375 0.1567656765625 0.752475246875 0.1468646859375 0.7590759078125 0.11386138593749999
1 0.788778878125 0.6237623765625 0.7821782171875 0.6402640265625 0.7871287125 0.6584158421875 0.8201320125 0.66006600625 0.8300330031250001 0.6501650171875 0.8300330031250001 0.6320132015625 0.8102310234375001 0.61881188125 0.788778878125 0.6237623765625
1 0.735973596875 0.575907590625 0.7541254125 0.5792079203125 0.7541254125 0.5627062703125 0.735973596875 0.5643564359375 0.735973596875 0.575907590625
1 0.6072607265625 0.5627062703125 0.5973597359375 0.56105610625 0.5841584156249999 0.56930693125 0.5808580859375 0.5841584156249999 0.58580858125 0.59405940625 0.6056105609375 0.5990099015625 0.6138613859375 0.592409240625 0.617161715625 0.575907590625 0.6072607265625 0.5627062703125
1 0.600660065625 0.788778878125 0.5990099015625 0.8019801984375 0.6056105609375 0.8102310234375001 0.628712871875 0.80693069375 0.6303630359375 0.7937293734375 0.6237623765625 0.7838283828125 0.608910890625 0.7821782171875 0.600660065625 0.788778878125
1 0.6023102312499999 0.7508250828125 0.5990099015625 0.7310231015624999 0.5841584156249999 0.7310231015624999 0.5808580859375 0.747524753125 0.5874587453125 0.7541254125 0.6023102312499999 0.7508250828125
1 0.5511551156250001 0.7673267328125 0.5643564359375 0.7706270625 0.567656765625 0.7574257421875 0.5511551156250001 0.755775578125 0.5511551156250001 0.7673267328125
1 0.4636963703125 0.6303630359375 0.457095709375 0.6155115515625 0.44224422499999994 0.620462046875 0.4455445546875 0.63531353125 0.45874587499999997 0.636963696875 0.4636963703125 0.6303630359375
1 0.4603960390625 0.54950495 0.47194719531249996 0.54950495 0.47689768906249996 0.5363036296875 0.457095709375 0.5330033000000001 0.4603960390625 0.54950495
1 0.9174917484374999 0.7326732671875 0.932343234375 0.7293729375 0.9290429046875 0.7161716171875 0.9174917484374999 0.7178217828125 0.9174917484374999 0.7326732671875
1 0.9026402640625 0.2079207921875 0.9042904296875 0.19801980156250001 0.8960396046874999 0.194719471875 0.891089109375 0.20132013125 0.8927392734374999 0.2079207921875 0.9026402640625 0.2079207921875
0 0.4867986796875 0.8118811875 0.4867986796875 0.8514851484375001 0.4966996703125 0.8613861390625001 0.506600659375 0.8613861390625001 0.51650165 0.838283828125 0.5396039609375001 0.8366336640625001 0.542904290625 0.7904290421875 0.5396039609375001 0.7821782171875 0.524752475 0.7772277234375 0.524752475 0.764026403125 0.509900990625 0.7623762375 0.498349834375 0.7689768984375001 0.493399340625 0.80693069375 0.4867986796875 0.8118811875
0 0.7343234328125 1 0.7343234328125 0.958745875 0.7293729375 0.9455445546875 0.6320132015625 0.9521452140625 0.5363036296875 0.92244224375 0.493399340625 0.9240924093749999 0.42904290468750006 0.95049505 0.41749174843750003 0.9438943890625 0.4042904296875 0.9455445546875 0.39933993437500004 0.9356435640624999 0.3085808578125 0.9339934 0.297029703125 0.93894389375 0.29207920781249996 0.9537953796875 0.29207920781249996 0.9966996703125 0.2959295921875 1 0.7343234328125 1
0 0 0.5368012984375 0.0726072609375 0.5379537953125 0.11386138593749999 0.5297029703125 0.1221122109375 0.5148514843750001 0.10396039531250001 0.51650165 0.100660065625 0.506600659375 0.1072607265625 0.45049504999999995 0.09405940625 0.44224422499999994 0 0.44103833437500006 0 0.5368012984375
0 1 0.46534653437499995 0.940594059375 0.46534653437499995 0.9191419140624999 0.475247525 0.9306930687499999 0.501650165625 0.9290429046875 0.559405940625 0.9554455453124999 0.5643564359375 1 0.5654988578125 1 0.46534653437499995
0 0.3124312421875 0 0.3102310234375 0.0033003296875 0.3118811875 0.054455445312499996 0.3333333328125 0.0660066 0.3580858078125 0.067656765625 0.425742575 0.0627062703125 0.498349834375 0.06930693125000001 0.5049504953125 0.0627062703125 0.600660065625 0.057755774999999995 0.625412540625 0.06105610625 0.628712871875 0.067656765625 0.7376237625 0.06930693125000001 0.739273928125 0.056105610937499995 0.7458745875 0.05280528125 0.7458745875 0.009900990625 0.7388024515625 0 0.3124312421875 0
0 0.2260726078125 0.5214521453125001 0.2739273921875 0.524752475 0.27557755781250004 0.5132013203125 0.272277228125 0.5049504953125 0.23432343281249998 0.5033003296875 0.22772277187499998 0.506600659375 0.2260726078125 0.5214521453125001
1 0.92244224375 0.354785478125 0.932343234375 0.3531353140625 0.9290429046875 0.3415841578125 0.92244224375 0.34323432343750004 0.92244224375 0.354785478125
1 0.8762376234374999 0.7854785484375 0.8877887781249999 0.7871287125 0.8894389437499999 0.7755775578125 0.8795379531249999 0.772277228125 0.8762376234374999 0.7854785484375
1 0.44389438906249995 0.739273928125 0.45049504999999995 0.7425742578125 0.45874587499999997 0.735973596875 0.44389438906249995 0.7310231015624999 0.44389438906249995 0.739273928125
1 0.28217821718749997 0.1468646859375 0.29207920781249996 0.1501650171875 0.297029703125 0.14356435625 0.2871287125 0.136963696875 0.28217821718749997 0.1468646859375
1 0.11221122187499999 0.25742574218750003 0.12046204687499999 0.260726071875 0.1237623765625 0.2491749171875 0.1155115515625 0.247524753125 0.11221122187499999 0.25742574218750003