0 0 0 0 1 1 1 1 0.4636963703125 1 0 0 0
0 0.6947194718749999 0.915841584375 0.7194719468749999 0.9339934 0.8349834984375001 0.932343234375 0.8432343234375 0.915841584375 0.8432343234375 0.8234323437500001 0.854785478125 0.7425742578125 0.8481848187500001 0.7101210109375 0.854785478125 0.63531353125 0.8514851484375001 0.5478547859375 0.8399339937500001 0.5363036296875 0.8267326734375 0.534653465625 0.6320132015625 0.5297029703125 0.5148514843750001 0.5280528046875 0.491749175 0.5330033000000001 0.48349834999999997 0.542904290625 0.475247525 0.8531353140625001 0.4801980203125 0.9191419140624999 0.5214521453125001 0.9273927390625 0.6072607265625 0.9240924093749999 0.6443894390625 0.8861386140624999 0.653465346875 0.8861386140624999 0.66006600625 0.8927392734374999 0.6815181515625001 0.8943894390624999 0.6947194718749999 0.915841584375
1 0.6155115515625 0.6155115515625 0.5907590765624999 0.612211221875 0.5577557750000001 0.6303630359375 0.56105610625 0.6996699671875 0.5462046203125 0.7854785484375 0.5660065999999999 0.838283828125 0.574257425 0.8448844890625 0.6419141921875 0.7458745875 0.6666666671875 0.735973596875 0.6749174921875001 0.7244224421875 0.669966996875 0.6881188125000001 0.6567656765625001 0.6584158421875 0.6155115515625 0.6155115515625
1 0.7194719468749999 0.8415841578125001 0.744224421875 0.8531353140625001 0.7739273921875001 0.8465346531250001 0.7871287125 0.8234323437500001 0.7772277234375 0.797029703125 0.7541254125 0.7904290421875 0.7227722765625 0.797029703125 0.7128712875 0.8102310234375001 0.7194719468749999 0.8415841578125001
1 0.6551155109375 0.8894389437499999 0.6386138609375 0.8861386140624999 0.6237623765625 0.9009900984374999 0.63531353125 0.9092409234375 0.6485148515625 0.9092409234375 0.6567656765625001 0.8993399343749999 0.6551155109375 0.8894389437499999
1 0.4966996703125 0.5808580859375 0.5132013203125 0.5792079203125 0.524752475 0.5643564359375 0.5214521453125001 0.5445544546875001 0.5115511546875 0.534653465625 0.491749175 0.534653465625 0.48349834999999997 0.5462046203125 0.48349834999999997 0.5709570953124999 0.4966996703125 0.5808580859375
0 0.391089109375 0.46204620468749996 0.41749174843750003 0.4603960390625 0.42904290468750006 0.45214521406249997 0.501650165625 0.4455445546875 0.5297029703125 0.4669967 0.6914191421875 0.4702970296875 0.7161716171875 0.4669967 0.7178217828125 0.4554455453125 0.7409240921875 0.4554455453125 0.7425742578125 0.4702970296875 0.838283828125 0.4702970296875 0.8514851484375001 0.4603960390625 0.85643564375 0.4372937296875 0.8448844890625 0.38943894375 0.8514851484375001 0.3778877890625 0.8481848187500001 0.3267326734375 0.85643564375 0.255775578125 0.85643564375 0.1897689765625 0.8514851484375001 0.18481848125 0.8597359734375001 0.1749174921875 0.8597359734375001 0.1633663359375 0.8498349828125 0.161716171875 0.8465346531250001 0.1402640265625 0.8597359734375001 0.13201320156250002 0.8597359734375001 0.11881188125 0.8465346531250001 0.10561056093750001 0.8481848187500001 0.092409240625 0.8597359734375001 0.0825082515625 0.8481848187500001 0.0709570953125 0.5462046203125 0.06930693125000001 0.524752475 0.07755775625 0.5 0.075907590625 0.4966996703125 0.08415841562500001 0.4273927390625 0.08415841562500001 0.42079207968750004 0.06930693125000001 0.4009900984375 0.0643564359375 0.0660066 0.057755774999999995 0.057755774999999995 0.0660066 0.054455445312499996 0.44719471874999994 0.0792079203125 0.45874587499999997 0.391089109375 0.46204620468749996
1 0.6402640265625 0.3283828390625 0.62706270625 0.3184818484375 0.600660065625 0.280528053125 0.5726072609374999 0.27887788750000003 0.54950495 0.28877887812499997 0.5396039609375001 0.3019801984375 0.5363036296875 0.3861386140625 0.5445544546875001 0.40594059375 0.574257425 0.425742575 0.6386138609375 0.4273927390625 0.6864686468750001 0.4009900984375 0.69306930625 0.3844884484375 0.6914191421875 0.363036303125 0.67656765625 0.338283828125 0.6402640265625 0.3283828390625
1 0.62706270625 0.19966996718750002 0.6567656765625001 0.20462046250000002 0.6914191421875 0.18481848125 0.7079207921874999 0.18316831718749998 0.7194719468749999 0.161716171875 0.7491749171875 0.1501650171875 0.752475246875 0.12046204687499999 0.7310231015624999 0.10231023125000001 0.7013201312499999 0.10231023125000001 0.6897689765624999 0.08580858125 0.6732673265625 0.08415841562500001 0.636963696875 0.0874587453125 0.61881188125 0.10396039531250001 0.575907590625 0.10231023125000001 0.5561056109375 0.08580858125 0.5132013203125 0.08415841562500001 0.5049504953125 0.1237623765625 0.5115511546875 0.1567656765625 0.508250825 0.19801980156250001 0.5577557750000001 0.20462046250000002 0.5841584156249999 0.18316831718749998 0.6039603953125 0.1815181515625 0.62706270625 0.19966996718750002
1 0.600660065625 0.1567656765625 0.61881188125 0.18316831718749998 0.6501650171875 0.186468646875 0.6716171609375 0.17656765624999998 0.6798679875 0.1650165015625 0.6798679875 0.13531353125 0.66006600625 0.11221122187499999 0.628712871875 0.11221122187499999 0.6056105609375 0.128712871875 0.600660065625 0.1567656765625
1 0.575907590625 0.2409240921875 0.6039603953125 0.2409240921875 0.6155115515625 0.22772277187499998 0.6138613859375 0.202970296875 0.5973597359375 0.1914191421875 0.5808580859375 0.1914191421875 0.5660065999999999 0.2062706265625 0.5660065999999999 0.2244224421875 0.575907590625 0.2409240921875
1 0.7425742578125 0.2376237625 0.7491749171875 0.2260726078125 0.747524753125 0.1914191421875 0.7062706265625 0.1897689765625 0.6963696374999999 0.21122112187500003 0.7178217828125 0.21782178281250003 0.7244224421875 0.2376237625 0.7425742578125 0.2376237625
1 0.8019801984375 0.8217821781250001 0.8085808578125 0.8349834984375001 0.8184818484375 0.8333333328125001 0.8201320125 0.8250825078125 0.813531353125 0.8184818484375 0.8019801984375 0.8217821781250001
1 0.3283828390625 0.20132013125 0.30693069375 0.169966996875 0.2854785484375 0.16006600625 0.247524753125 0.1633663359375 0.2128712875 0.18316831718749998 0.1881188125 0.23267326718749998 0.1897689765625 0.3003300328125 0.19801980156250001 0.31518151875 0.22277227656249998 0.3333333328125 0.2656765671875 0.34818481874999996 0.3019801984375 0.3448844890625 0.31518151875 0.33168316875000003 0.3333333328125 0.28217821718749997 0.3349834984375 0.22937293749999998 0.3283828390625 0.20132013125
0 0.1072607265625 0.518151815625 0.0660066 0.5214521453125001 0.051155115625000004 0.5297029703125 0.0445544546875 0.8778877890624999 0.04950495 0.9174917484374999 0.17656765624999998 0.9273927390625 0.391089109375 0.9240924093749999 0.4092409234375 0.9174917484374999 0.42079207968750004 0.5561056109375 0.415841584375 0.5313531359375 0.40264026406250003 0.524752475 0.1072607265625 0.518151815625
1 0.3201320125 0.7326732671875 0.34323432343750004 0.7178217828125 0.346534653125 0.6881188125000001 0.32343234375 0.66006600625 0.153465346875 0.6138613859375 0.125412540625 0.6138613859375 0.10396039531250001 0.6320132015625 0.0874587453125 0.678217821875 0.0891089109375 0.69306930625 0.0973597359375 0.7013201312499999 0.12046204687499999 0.7013201312499999 0.145214521875 0.6749174921875001 0.161716171875 0.669966996875 0.186468646875 0.6831683171875 0.2079207921875 0.7095709578125 0.2491749171875 0.7244224421875 0.3201320125 0.7326732671875
1 0.07755775625 0.7953795375 0.075907590625 0.8250825078125 0.08415841562500001 0.8448844890625 0.0957095703125 0.85643564375 0.11881188125 0.8646864687500001 0.1468646859375 0.8531353140625001 0.1551155109375 0.8267326734375 0.153465346875 0.7986798687500001 0.1303630359375 0.7755775578125 0.0973597359375 0.7772277234375 0.07755775625 0.7953795375
1 0.21122112187500003 0.8828382843749999 0.219471946875 0.8993399343749999 0.2491749171875 0.9059405937499999 0.272277228125 0.8943894390624999 0.28217821718749997 0.8762376234374999 0.28217821718749997 0.8613861390625001 0.2673267328125 0.8432343234375 0.2409240921875 0.8399339937500001 0.21782178281250003 0.8498349828125 0.21122112187500003 0.8828382843749999
1 0.1815181515625 0.37293729375 0.1881188125 0.35643564375 0.18316831718749998 0.338283828125 0.1501650171875 0.3366336640625 0.1402640265625 0.346534653125 0.1402640265625 0.36468646875 0.16006600625 0.3778877890625 0.1815181515625 0.37293729375
1 0.23432343281249998 0.42079207968750004 0.21617161718750003 0.41749174843750003 0.21617161718750003 0.43399340000000003 0.23432343281249998 0.43234323437500005 0.23432343281249998 0.42079207968750004
1 0.363036303125 0.43399340000000003 0.37293729375 0.43564356406250004 0.3861386140625 0.4273927390625 0.38943894375 0.4125412546875 0.3844884484375 0.40264026406250003 0.36468646875 0.39768976875 0.35643564375 0.4042904296875 0.3531353140625 0.42079207968750004 0.363036303125 0.43399340000000003
1 0.3696369640625 0.2079207921875 0.371287128125 0.194719471875 0.36468646875 0.186468646875 0.3415841578125 0.1897689765625 0.33993399375 0.202970296875 0.346534653125 0.2128712875 0.3613861390625 0.21452145156250002 0.3696369640625 0.2079207921875
1 0.3679867984375 0.2458745875 0.371287128125 0.2656765671875 0.3861386140625 0.2656765671875 0.38943894375 0.2491749171875 0.382838284375 0.2425742578125 0.3679867984375 0.2458745875
1 0.4191419140625 0.22937293749999998 0.40594059375 0.2260726078125 0.40264026406250003 0.23927392812499998 0.4191419140625 0.2409240921875 0.4191419140625 0.22937293749999998
1 0.506600659375 0.36633663437499997 0.5132013203125 0.38118811875 0.5280528046875 0.3762376234375 0.524752475 0.3613861390625 0.5115511546875 0.35973597343749997 0.506600659375 0.36633663437499997
1 0.509900990625 0.44719471874999994 0.498349834375 0.44719471874999994 0.493399340625 0.4603960390625 0.5132013203125 0.4636963703125 0.509900990625 0.44719471874999994
1 0.05280528125 0.26402640312500003 0.0379537953125 0.2673267328125 0.041254125 0.280528053125 0.05280528125 0.27887788750000003 0.05280528125 0.26402640312500003
1 0.067656765625 0.788778878125 0.0660066 0.7986798687500001 0.074257425 0.8019801984375 0.0792079203125 0.7953795375 0.07755775625 0.788778878125 0.067656765625 0.788778878125
0 0.48349834999999997 0.18481848125 0.48349834999999997 0.145214521875 0.47359735937499997 0.13531353125 0.4636963703125 0.13531353125 0.45379537968749994 0.1584158421875 0.43069306875 0.16006600625 0.4273927390625 0.2062706265625 0.43069306875 0.21452145156250002 0.4455445546875 0.219471946875 0.4455445546875 0.23267326718749998 0.4603960390625 0.23432343281249998 0.47194719531249996 0.22772277187499998 0.47689768906249996 0.1897689765625 0.48349834999999997 0.18481848125
0 0.235973596875 0 0.235973596875 0.0379537953125 0.2409240921875 0.051155115625000004 0.338283828125 0.0445544546875 0.43399340000000003 0.074257425 0.47689768906249996 0.0726072609375 0.541254125 0.0462046203125 0.5528052812500001 0.05280528125 0.5660065999999999 0.051155115625000004 0.5709570953124999 0.06105610625 0.661716171875 0.0627062703125 0.6732673265625 0.057755774999999995 0.678217821875 0.042904290625 0.678217821875 0 0.235973596875 0
0 1 0.46036984687500004 0.89768976875 0.45874587499999997 0.85643564375 0.4669967 0.8481848187500001 0.481848184375 0.8663366343750001 0.4801980203125 0.8696369640625001 0.490099009375 0.8630363031250001 0.5462046203125 0.8762376234374999 0.5544554453125 1 0.5560421421874999 1 0.46036984687500004
0 0 0.5313531359375 0.0297029703125 0.5313531359375 0.051155115625000004 0.5214521453125001 0.0396039609375 0.4950495046875 0.041254125 0.4372937296875 0.014851484374999998 0.43234323437500005 0 0.431962428125 0 0.5313531359375
0 0.655665565625 1 0.66006600625 0.993399340625 0.6584158421875 0.9422442249999999 0.636963696875 0.9306930687499999 0.612211221875 0.9290429046875 0.5445544546875001 0.9339934 0.47194719531249996 0.9273927390625 0.46534653437499995 0.9339934 0.3696369640625 0.93894389375 0.3448844890625 0.9356435640624999 0.3415841578125 0.9290429046875 0.23267326718749998 0.9273927390625 0.2310231015625 0.940594059375 0.2244224421875 0.9438943890625 0.2244224421875 0.9867986796875 0.23267326718749998 0.998349834375 0.2409240921875 1 0.655665565625 1
0 0.744224421875 0.475247525 0.6963696374999999 0.47194719531249996 0.6947194718749999 0.48349834999999997 0.6980198015625 0.491749175 0.735973596875 0.493399340625 0.7425742578125 0.490099009375 0.744224421875 0.475247525
1 0.0478547859375 0.6419141921875 0.0379537953125 0.64356435625 0.041254125 0.6551155109375 0.0478547859375 0.653465346875 0.0478547859375 0.6419141921875
1 0.09405940625 0.21122112187500003 0.0825082515625 0.2095709578125 0.0808580859375 0.22112211249999997 0.0907590765625 0.2244224421875 0.09405940625 0.21122112187500003
1 0.526402640625 0.25742574218750003 0.5198019796875 0.2541254125 0.5115511546875 0.260726071875 0.526402640625 0.2656765671875 0.526402640625 0.25742574218750003
1 0.6881188125000001 0.8498349828125 0.678217821875 0.8465346531250001 0.6732673265625 0.8531353140625001 0.6831683171875 0.8597359734375001 0.6881188125000001 0.8498349828125
1 0.8580858078125001 0.739273928125 0.8498349828125 0.735973596875 0.8465346531250001 0.747524753125 0.854785478125 0.7491749171875 0.8580858078125001 0.739273928125