0 0.0212253578125 0 0.019097221875 0.065972221875 0.019097221875 0.15451388906250002 0.03125 0.16493055625 0.015625 0.18055555625 0.010416667187500001 0.3888888890625 0.013888889062500001 0.40625 0.0295138890625 0.41493055625 0.10069444375 0.421875 0.10069444375 0.4895833328125 0.090277778125 0.4947916671875 0.0486111109375 0.49305555625 0.046875 0.5 0.013888889062500001 0.5069444437499999 0.0052083328125 0.519097221875 0 0.6190972218749999 0 0.9691358015624999 0.006944443749999999 0.972222221875 0.7951388890625 0.980902778125 0.9461805562500001 0.980902778125 0.9774305562500001 0.972222221875 0.9947916671874999 0.918402778125 1 0.6990017359375 1 0 0.0212253578125 0
1 0.612847221875 0.13368055625 0.6614583328125 0.10069444375 0.6979166671875 0.06770833281250001 0.703125 0.055555556250000006 0.6857638890625 0.0364583328125 0.6423611109375 0.0295138890625 0.5607638890625 0.07291666718749999 0.49305555625 0.08854166718749999 0.453125 0.08854166718749999 0.3888888890625 0.05729166718749999 0.34722222187499996 0.050347221875 0.33159722187499996 0.053819443749999994 0.31597222187499996 0.06770833281250001 0.2916666671875 0.1145833328125 0.28993055624999997 0.15798611093749998 0.2760416671875 0.203125 0.28472222187499996 0.22569444375 0.3125 0.2552083328125 0.33159722187499996 0.2673611109375 0.4270833328125 0.29340277812500004 0.5260416671875 0.2951388890625 0.5399305562500001 0.28472222187499996 0.5416666671875 0.2517361109375 0.5763888890625 0.17881944375 0.5954861109375 0.16319444375 0.612847221875 0.13368055625
1 0.81200396875 0 0.7881944437499999 0.010416667187500001 0.7708333328125 0.0295138890625 0.8229166671874999 0.046875 0.862847221875 0.03993055625 0.878472221875 0.0173611109375 0.8732638890625 0.0034722218749999997 0.8576388890625 0 0.81200396875 0
1 0.965277778125 0.15451388906250002 0.965277778125 0.13888888906250002 0.9392361109375 0.125 0.902777778125 0.125 0.8836805562500001 0.13715277812499999 0.8767361109375 0.15451388906250002 0.9079861109375 0.17013888906250002 0.9461805562500001 0.16840277812499999 0.965277778125 0.15451388906250002
1 0.5572916671875 0.706597221875 0.48784722187499996 0.644097221875 0.43402777812500004 0.612847221875 0.35590277812500004 0.5885416671875 0.27430555624999997 0.5920138890625 0.18055555625 0.6267361109375 0.125 0.6701388890625 0.112847221875 0.6875 0.109375 0.7013888890625 0.12673611093749998 0.75 0.16319444375 0.7829861109375 0.215277778125 0.8038194437499999 0.3177083328125 0.8229166671874999 0.3645833328125 0.8229166671874999 0.37847222187499996 0.8298611109375 0.46875 0.828125 0.503472221875 0.8194444437499999 0.5138888890625 0.8125 0.565972221875 0.730902778125 0.5572916671875 0.706597221875
1 0.534722221875 0.6736111109375 0.565972221875 0.715277778125 0.5694444437499999 0.734375 0.5329861109375 0.7829861109375 0.5295138890625 0.8055555562500001 0.6354166671875 0.8020833328125001 0.8732638890625 0.8107638890625 0.9618055562500001 0.8055555562500001 0.9826388890625 0.796875 0.9913194437499999 0.7725694437499999 0.9947916671874999 0.6875 0.9861111109375 0.6788194437499999 0.534722221875 0.6736111109375
1 0.984375 0.7013888890625 0.9913194437499999 0.6979166671875 0.987847221875 0.6788194437499999 0.9635416671874999 0.6805555562500001 0.96875 0.6944444437499999 0.984375 0.7013888890625
1 0.3732638890625 0.5052083328125 0.2517361109375 0.5017361109375 0.05208333281250001 0.5017361109375 0.0295138890625 0.5052083328125 0.00868055625 0.5225694437499999 0.006944443749999999 0.5885416671875 0.046875 0.5954861109375 0.055555556250000006 0.6197916671875 0.18923611093749998 0.621527778125 0.19618055625 0.609375 0.22569444375 0.6076388890625 0.28125 0.5868055562500001 0.31597222187499996 0.581597221875 0.36805555624999997 0.5850694437499999 0.3802083328125 0.5677083328125 0.38368055624999997 0.5104166671875 0.3732638890625 0.5052083328125
1 0.00868055625 0.597222221875 0.006944443749999999 0.6302083328125 0.0364583328125 0.6232638890625 0.05208333281250001 0.6111111109375 0.05208333281250001 0.6041666671875 0.03819444375 0.5954861109375 0.00868055625 0.597222221875
1 0.5868055562500001 0.8645833328125001 0.5798611109375 0.8767361109375 0.590277778125 0.8836805562500001 0.6197916671875 0.8767361109375 0.6197916671875 0.8680555562500001 0.609375 0.8611111109375 0.5868055562500001 0.8645833328125001
0 0.6197916671875 0.8680555562500001 0.609375 0.8611111109375 0.5868055562500001 0.8645833328125001 0.5798611109375 0.871527778125 0.581597221875 0.8802083328125001 0.6024305562500001 0.8836805562500001 0.6197916671875 0.8767361109375 0.6197916671875 0.8680555562500001
1 0.02430555625 0.1510416671875 0.02256944375 0.16319444375 0.0486111109375 0.1666666671875 0.059027778125 0.15972222187500001 0.059027778125 0.1510416671875 0.050347221875 0.1458333328125 0.02430555625 0.1510416671875
1 0.27430555624999997 0.171875 0.2864583328125 0.15972222187500001 0.28125 0.15277777812499999 0.2604166671875 0.15798611093749998 0.25868055624999997 0.16493055625 0.27430555624999997 0.171875
1 0.2517361109375 0.1302083328125 0.2708333328125 0.121527778125 0.265625 0.109375 0.24305555625 0.11631944375 0.23958333281250002 0.125 0.2517361109375 0.1302083328125
1 0.7447916671875 0.2951388890625 0.7482638890625 0.3072916671875 0.769097221875 0.30381944375000003 0.7604166671875 0.28819444375000003 0.7447916671875 0.2951388890625
1 0.9479166671874999 0.215277778125 0.949652778125 0.22569444375 0.9704861109375 0.22395833281250002 0.965277778125 0.21354166718749998 0.9479166671874999 0.215277778125