0 0.00017841249999999998 0 0 0.000376646875 0 0.9697648984375 0.09661016875 0.9728813562499999 0.183050846875 0.9728813562499999 0.1932203390625 0.9610169484375 0.2084745765625 0.9762711859375001 0.41186440625 0.9813559328125001 0.428813559375 0.9779661015625001 0.43728813593750004 0.9627118640625 0.44406779687500003 0.8932203390625 0.5101694921875 0.8932203390625 0.5152542375 0.9033898312499999 0.5135593218750001 0.944067796875 0.5203389828125 0.9457627125 0.52711864375 0.9779661015625001 0.5389830515625 0.986440678125 0.799322034375 1 0.9745762718750001 1 0.9813559328125001 0.9847457625 0.9898305078125 0.2152542375 0.9898305078125 0.0677966109375 0.9813559328125001 0.0372881359375 0.9288135593750001 0.0203389828125 0.35762711875000003 0.006779660937499999 0.3525423734375 0 0.00017841249999999998 0
1 0.1627118640625 0.3932203390625 0.130508475 0.3457627125 0.09830508437499999 0.3101694921875 0.086440678125 0.30508474531249996 0.0677966109375 0.3220338984375 0.061016948437499996 0.3644067796875 0.10338983125000001 0.44406779687500003 0.11864406718750001 0.5101694921875 0.11864406718750001 0.5491525421875 0.08813559374999999 0.6118644062499999 0.0813559328125 0.6525423734375 0.0847457625 0.6677966109375 0.09830508437499999 0.683050846875 0.144067796875 0.7067796609375 0.186440678125 0.7084745765625 0.230508475 0.7220338984375 0.25254237343749997 0.713559321875 0.28135593281250004 0.686440678125 0.2932203390625 0.6677966109375 0.3186440671875 0.574576271875 0.3203389828125 0.47796610156249997 0.3101694921875 0.46440677968750005 0.2779661015625 0.4627118640625 0.20677966093750003 0.428813559375 0.1915254234375 0.4101694921875 0.1627118640625 0.3932203390625
1 0.049152542187499995 0.1338983046875 0.0355932203125 0.1389830515625 0.028813559375 0.169491525 0.030508475 0.19491525468749998 0.04237288125 0.22203389843750002 0.061016948437499996 0.2389830515625 0.0779661015625 0.18813559375 0.071186440625 0.14915254218750001 0.049152542187499995 0.1338983046875
1 0.183050846875 0.049152542187499995 0.1677966109375 0.049152542187499995 0.15423728750000001 0.074576271875 0.15423728750000001 0.11016949218750001 0.16610169531250002 0.128813559375 0.183050846875 0.1355932203125 0.198305084375 0.1050847453125 0.19661016874999998 0.0677966109375 0.183050846875 0.049152542187499995
1 0.7220338984375 0.4474576265625 0.6610169484374999 0.5152542375 0.630508475 0.5677966109375 0.6067796609375 0.644067796875 0.6101694921874999 0.7237288140625 0.644067796875 0.8152542374999999 0.686440678125 0.8694915249999999 0.70338983125 0.8813559328125 0.7169491531250001 0.8847457625 0.7644067796875 0.8677966109374999 0.79661016875 0.8322033890625 0.8169491531249999 0.7813559328124999 0.8355932203125 0.6813559328125 0.8355932203125 0.6355932203125 0.84237288125 0.6220338984375 0.8406779656250001 0.5338983046875 0.8322033890625 0.5 0.8254237281249999 0.48983050781250004 0.7457627125 0.43898305156250006 0.7220338984375 0.4474576265625
1 0.6898305078125 0.469491525 0.7305084749999999 0.43898305156250006 0.7491525421875 0.4355932203125 0.79661016875 0.47118644062500004 0.8186440671874999 0.474576271875 0.8152542374999999 0.371186440625 0.8237288140624999 0.1389830515625 0.8186440671874999 0.0525423734375 0.8101694921875 0.0322033890625 0.786440678125 0.0237288140625 0.70338983125 0.0203389828125 0.6949152546875 0.028813559375 0.6898305078125 0.469491525
1 0.7169491531250001 0.030508475 0.713559321875 0.0237288140625 0.6949152546875 0.027118643749999997 0.69661016875 0.050847457812499997 0.7101694921874999 0.045762712500000004 0.7169491531250001 0.030508475
1 0.525423728125 0.62711864375 0.5220338984375 0.7457627125 0.5220338984375 0.9406779656250001 0.525423728125 0.9627118640625 0.54237288125 0.9830508468750001 0.6067796609375 0.9847457625 0.6135593218750001 0.9457627125 0.6372881359375 0.9372881359375 0.6389830515625 0.8067796609375 0.62711864375 0.8 0.625423728125 0.771186440625 0.6050847453125 0.7169491531250001 0.6 0.683050846875 0.60338983125 0.6322033890625 0.586440678125 0.6203389828125 0.530508475 0.616949153125 0.525423728125 0.62711864375
1 0.6152542375000001 0.9830508468750001 0.6474576265625 0.9847457625 0.640677965625 0.9559322031249999 0.6288135593749999 0.9406779656250001 0.6220338984375 0.9406779656250001 0.6135593218750001 0.9542372875 0.6152542375000001 0.9830508468750001
1 0.8762711859375001 0.4186440671875 0.8881355937500001 0.425423728125 0.8949152546875 0.4152542375 0.8881355937500001 0.386440678125 0.8796610171875001 0.386440678125 0.87288135625 0.39661016875 0.8762711859375001 0.4186440671875
0 0.8796610171875001 0.386440678125 0.87288135625 0.39661016875 0.8762711859375001 0.4186440671875 0.883050846875 0.425423728125 0.8915254234375001 0.4237288140625 0.8949152546875 0.40338983125 0.8881355937500001 0.386440678125 0.8796610171875001 0.386440678125
1 0.1796610171875 0.9677966109374999 0.1915254234375 0.9694915249999999 0.19491525468749998 0.944067796875 0.18813559375 0.9338983046875 0.1796610171875 0.9338983046875 0.174576271875 0.9423728812500001 0.1796610171875 0.9677966109374999
1 0.2 0.7237288140625 0.18813559375 0.7118644062499999 0.1813559328125 0.7169491531250001 0.186440678125 0.7372881359375001 0.1932203390625 0.7389830515625 0.2 0.7237288140625
1 0.159322034375 0.7457627125 0.1508474578125 0.72711864375 0.1389830515625 0.7322033890624999 0.1457627125 0.7542372875 0.15423728750000001 0.75762711875 0.159322034375 0.7457627125
1 0.3203389828125 0.2644067796875 0.3322033890625 0.2610169484375 0.328813559375 0.240677965625 0.313559321875 0.2491525421875 0.3203389828125 0.2644067796875
1 0.24237288124999998 0.0661016953125 0.25254237343749997 0.0644067796875 0.2508474578125 0.044067796874999995 0.240677965625 0.049152542187499995 0.24237288124999998 0.0661016953125