0 0.775 0.975 0.9109375 0.975 0.9390625 0.9671875 0.9546875 0.91875 0.9671875 0.3921875 0.9734375 0.3875 0.9765625 0.1828125 0.9859375 0.10625 0.9796875 0.065625 0.95 0.0515625 0.728125 0.0484375 0.6890625 0.040625 0.1734375 0.0390625 0.0875 0.0453125 0.0796875 0.0546875 0.0765625 0.1515625 0.0765625 0.23125 0.0875 0.240625 0.0734375 0.2546875 0.06875 0.4421875 0.071875 0.4578125 0.0859375 0.465625 0.15 0.471875 0.15 0.5328125 0.140625 0.5375 0.103125 0.5359375 0.1015625 0.5421875 0.071875 0.5484375 0.0640625 0.559375 0.0484375 0.859375 0.046875 0.9515625 0.0515625 0.9609375 0.065625 0.9671875 0.775 0.975
1 0.340625 0.321875 0.3578125 0.3328125 0.44375 0.35625 0.5328125 0.3578125 0.5453125 0.3484375 0.546875 0.31875 0.578125 0.253125 0.5953125 0.2390625 0.6109375 0.2125 0.6546875 0.1828125 0.6875 0.153125 0.6921875 0.1421875 0.6765625 0.125 0.6375 0.11875 0.5640625 0.1578125 0.503125 0.171875 0.4671875 0.171875 0.409375 0.14375 0.371875 0.1375 0.3578125 0.140625 0.34375 0.153125 0.321875 0.1953125 0.3203125 0.234375 0.3078125 0.275 0.315625 0.2953125 0.340625 0.321875
1 0.85 0.1078125 0.8453125 0.0953125 0.8171875 0.0890625 0.79375 0.090625 0.76875 0.1015625 0.753125 0.11875 0.8 0.134375 0.8359375 0.128125 0.85 0.1078125
1 0.928125 0.23125 0.928125 0.2171875 0.9046875 0.2046875 0.871875 0.2046875 0.8546875 0.215625 0.8484375 0.23125 0.8765625 0.2453125 0.9109375 0.24375 0.928125 0.23125
1 0.253125 0.815625 0.3453125 0.8328125 0.3875 0.8328125 0.4 0.8390625 0.48125 0.8375 0.5125 0.8296875 0.521875 0.8234375 0.56875 0.75 0.5609375 0.728125 0.4984375 0.671875 0.45 0.64375 0.3796875 0.621875 0.30625 0.625 0.221875 0.65625 0.171875 0.6953125 0.1609375 0.7109375 0.1578125 0.7234375 0.1734375 0.7671875 0.20625 0.796875 0.253125 0.815625
1 0.5359375 0.8171875 0.63125 0.8140625 0.8453125 0.821875 0.925 0.8171875 0.94375 0.809375 0.9515625 0.7875 0.9546875 0.7109375 0.946875 0.703125 0.540625 0.6984375 0.56875 0.7359375 0.571875 0.753125 0.5390625 0.796875 0.5359375 0.8171875
1 0.9484375 0.703125 0.9265625 0.7046875 0.93125 0.7171875 0.9453125 0.7234375 0.9515625 0.7203125 0.9484375 0.703125
1 0.2296875 0.6515625 0.2359375 0.640625 0.2625 0.6390625 0.3125 0.6203125 0.34375 0.615625 0.390625 0.61875 0.4015625 0.603125 0.4046875 0.5515625 0.3953125 0.546875 0.2859375 0.54375 0.10625 0.54375 0.0859375 0.546875 0.0671875 0.5625 0.065625 0.621875 0.1015625 0.628125 0.109375 0.65 0.2296875 0.6515625
1 0.10625 0.6359375 0.09375 0.628125 0.0671875 0.6296875 0.065625 0.659375 0.0921875 0.653125 0.10625 0.6421875 0.10625 0.6359375
1 0.6171875 0.8734375 0.6078125 0.8671875 0.5875 0.8703125 0.58125 0.88125 0.590625 0.8875 0.6171875 0.88125 0.6171875 0.8734375
0 0.6171875 0.88125 0.6171875 0.8734375 0.6078125 0.8671875 0.5875 0.8703125 0.58125 0.8765625 0.5828125 0.884375 0.6015625 0.8875 0.6171875 0.88125
1 0.1125 0.228125 0.1046875 0.2234375 0.08125 0.228125 0.0796875 0.2390625 0.103125 0.2421875 0.1125 0.2359375 0.1125 0.228125
1 0.3125 0.2296875 0.29375 0.234375 0.2921875 0.240625 0.30625 0.246875 0.3171875 0.2359375 0.3125 0.2296875
1 0.2984375 0.190625 0.278125 0.196875 0.275 0.2046875 0.2859375 0.209375 0.303125 0.2015625 0.2984375 0.190625
1 0.7296875 0.3578125 0.7328125 0.36875 0.7515625 0.365625 0.74375 0.3515625 0.7296875 0.3578125
1 0.9125 0.2859375 0.9140625 0.2953125 0.9328125 0.29375 0.928125 0.284375 0.9125 0.2859375