0 0 0 0 0.9991749171875 0.0011001109375 1 1 1 1 0 0 0
1 0.5363036296875 0.0280528046875 0.43564356406250004 0.057755774999999995 0.3778877890625 0.0874587453125 0.3283828390625 0.12706270625 0.30693069375 0.16006600625 0.2838283828125 0.2376237625 0.2904290421875 0.3498349828125 0.3118811875 0.379537953125 0.3613861390625 0.415841584375 0.4125412546875 0.44719471874999994 0.457095709375 0.46534653437499995 0.508250825 0.4669967 0.574257425 0.457095709375 0.6567656765625001 0.43234323437500005 0.7260726078124999 0.38943894375 0.7871287125 0.3333333328125 0.8118811875 0.280528053125 0.8184818484375 0.194719471875 0.8036303625000001 0.13531353125 0.7772277234375 0.0973597359375 0.7425742578125 0.0709570953125 0.6716171609375 0.042904290625 0.5363036296875 0.0280528046875
1 0.744224421875 0.7376237625 0.7574257421875 0.7706270625 0.7854785484375 0.8003300328125 0.80693069375 0.80693069375 0.8531353140625001 0.8052805281250001 0.8844884484375 0.7656765671875 0.89768976875 0.7227722765625 0.8960396046874999 0.7046204625 0.8828382843749999 0.6798679875 0.8349834984375001 0.6452145218750001 0.8184818484375 0.6402640265625 0.7871287125 0.6468646859375 0.7673267328125 0.66006600625 0.747524753125 0.6914191421875 0.744224421875 0.7079207921874999 0.744224421875 0.7376237625
1 0.42079207968750004 0.8217821781250001 0.38943894375 0.7986798687500001 0.35973597343749997 0.8019801984375 0.3349834984375 0.8283828390625001 0.33168316875000003 0.8531353140625001 0.3415841578125 0.8811881187499999 0.3531353140625 0.8927392734374999 0.4042904296875 0.8861386140624999 0.42079207968750004 0.8498349828125 0.42079207968750004 0.8217821781250001
1 0.92244224375 0.5973597359375 0.8960396046874999 0.5841584156249999 0.8712871281250001 0.5808580859375 0.8432343234375 0.592409240625 0.83168316875 0.6303630359375 0.838283828125 0.6452145218750001 0.8795379531249999 0.6749174921875001 0.8993399343749999 0.6798679875 0.9174917484374999 0.6567656765625001 0.92244224375 0.5973597359375
1 0.2409240921875 0.7838283828125 0.2508250828125 0.7937293734375 0.260726071875 0.7937293734375 0.272277228125 0.7706270625 0.2541254125 0.7574257421875 0.2409240921875 0.7689768984375001 0.2409240921875 0.7838283828125
1 0.219471946875 0.711221121875 0.2095709578125 0.7046204625 0.19966996718750002 0.7079207921874999 0.20462046250000002 0.7293729375 0.219471946875 0.7211221125 0.219471946875 0.711221121875
1 0.27887788750000003 0.5973597359375 0.2656765671875 0.5891089109375 0.260726071875 0.592409240625 0.2623762375 0.6056105609375 0.272277228125 0.6072607265625 0.27887788750000003 0.5973597359375
1 0.092409240625 0.19306930625000002 0.11221122187499999 0.1897689765625 0.11386138593749999 0.1650165015625 0.0891089109375 0.169966996875 0.092409240625 0.19306930625000002
1 0.4785478546875 0.7904290421875 0.47689768906249996 0.8118811875 0.493399340625 0.8102310234375001 0.4966996703125 0.7937293734375 0.4785478546875 0.7904290421875
1 0.47359735937499997 0.9009900984374999 0.493399340625 0.8993399343749999 0.493399340625 0.874587459375 0.47194719531249996 0.8795379531249999 0.47359735937499997 0.9009900984374999
1 0.67656765625 0.5874587453125 0.6716171609375 0.575907590625 0.653465346875 0.5792079203125 0.65181518125 0.6023102312499999 0.669966996875 0.600660065625 0.67656765625 0.5874587453125
1 0.23927392812499998 0.3861386140625 0.244224421875 0.391089109375 0.2376237625 0.4042904296875 0.2376237625 0.415841584375 0.23927392812499998 0.4191419140625 0.2425742578125 0.42244224375000006 0.247524753125 0.42244224375000006 0.2508250828125 0.42079207968750004 0.2541254125 0.415841584375 0.2541254125 0.4042904296875 0.255775578125 0.40264026406250003 0.255775578125 0.3679867984375 0.2541254125 0.36633663437499997 0.2458745875 0.36633663437499997 0.2409240921875 0.371287128125 0.2376237625 0.38118811875 0.23927392812499998 0.3861386140625
1 0.958745875 0.5627062703125 0.9488448843749999 0.5627062703125 0.93894389375 0.575907590625 0.9174917484374999 0.5841584156249999 0.9240924093749999 0.6221122109375 0.9521452140625 0.6221122109375 0.9636963703125 0.6138613859375 0.9636963703125 0.567656765625 0.958745875 0.5627062703125
1 0.8432343234375 0.8118811875 0.8399339937500001 0.8300330031250001 0.8514851484375001 0.8531353140625001 0.8613861390625001 0.8514851484375001 0.8729372937500001 0.8349834984375001 0.8729372937500001 0.81518151875 0.8630363031250001 0.80693069375 0.8432343234375 0.8118811875
1 0.6815181515625001 0.0363036296875 0.7161716171875 0.034653465625000004 0.7194719468749999 0.008250825 0.68481848125 0.008250825 0.6815181515625001 0.0363036296875
1 0.636963696875 0.024752475 0.6831683171875 0.024752475 0.6914191421875 0.006600659375 0.625412540625 0.0049504953125 0.636963696875 0.024752475