0 0 0 0 0.99129746875 0.00316455625 0.9936708859375001 0.0023734171875 1 1 1 1 0 0 0
1 0.51424050625 0.060126582812499996 0.41772151874999996 0.0886075953125 0.362341771875 0.1170886078125 0.3148734171875 0.155063290625 0.294303796875 0.1867088609375 0.2721518984375 0.26107595 0.2784810125 0.36867088593749997 0.2990506328125 0.3971518984375 0.3465189875 0.43196202499999997 0.3955696203125 0.46202531718750006 0.4382911390625 0.4794303796875 0.487341771875 0.48101265781249997 0.5506329109375 0.4715189875 0.6297468359375 0.447784809375 0.69620253125 0.40664557031250004 0.7547468359375 0.3528481015625 0.7784810125 0.302215190625 0.7848101265625 0.21993670937499998 0.7705696203125 0.1629746828125 0.7452531640625 0.126582278125 0.7120253171875001 0.10126582343749999 0.6439873421875 0.0743670890625 0.51424050625 0.060126582812499996
1 0.7136075953125001 0.7405063296875001 0.7262658234375 0.7721518984375 0.75316455625 0.8006329109375001 0.7737341765625 0.806962025 0.818037975 0.805379746875 0.848101265625 0.7674050640625001 0.86075949375 0.7262658234375 0.859177215625 0.708860759375 0.8465189875 0.6851265828125 0.8006329109375001 0.651898734375 0.7848101265625 0.6471518984375 0.7547468359375 0.6534810125 0.73575949375 0.666139240625 0.7167721515625 0.69620253125 0.7136075953125001 0.7120253171875001 0.7136075953125001 0.7405063296875001
1 0.4034810125 0.82120253125 0.373417721875 0.7990506328125 0.344936709375 0.802215190625 0.32120253125 0.8275316453125001 0.31803797500000003 0.8512658234374999 0.3275316453125 0.87816455625 0.3386075953125 0.88924050625 0.387658228125 0.8829113921875 0.4034810125 0.848101265625 0.4034810125 0.82120253125
1 0.8844936703125 0.6060126578125 0.859177215625 0.5933544296875 0.8354430374999999 0.5901898734375 0.8085443031249999 0.6012658234375 0.7974683546875 0.6376582281250001 0.80379746875 0.651898734375 0.8433544296875001 0.680379746875 0.8623417718749999 0.6851265828125 0.8797468359374999 0.6629746828124999 0.8844936703125 0.6060126578125
1 0.23101265781250002 0.7848101265625 0.2405063296875 0.794303796875 0.25 0.794303796875 0.26107595 0.7721518984375 0.2436708859375 0.7594936703124999 0.23101265781250002 0.7705696203125 0.23101265781250002 0.7848101265625
1 0.2104430375 0.7151898734375 0.2009493671875 0.708860759375 0.191455696875 0.7120253171875001 0.19620253125 0.7325949359374999 0.2104430375 0.72468354375 0.2104430375 0.7151898734375
1 0.2674050640625 0.6060126578125 0.25474683593749997 0.598101265625 0.25 0.6012658234375 0.251582278125 0.6139240499999999 0.26107595 0.6155063296875001 0.2674050640625 0.6060126578125
1 0.0886075953125 0.21835442968750002 0.1075949359375 0.2151898734375 0.109177215625 0.191455696875 0.0854430375 0.19620253125 0.0886075953125 0.21835442968750002
1 0.458860759375 0.791139240625 0.45727848125000004 0.8117088609374999 0.473101265625 0.8101265828124999 0.4762658234375 0.794303796875 0.458860759375 0.791139240625
1 0.45411392343749996 0.8971518984375001 0.473101265625 0.8955696203124999 0.473101265625 0.87183544375 0.4525316453125 0.876582278125 0.45411392343749996 0.8971518984375001
1 0.6487341765625 0.5965189875 0.6439873421875 0.5854430374999999 0.626582278125 0.5886075953125001 0.625 0.61075949375 0.6424050640625001 0.609177215625 0.6487341765625 0.5965189875
1 0.2294303796875 0.4034810125 0.234177215625 0.40822784843750004 0.22784810156250002 0.42088607656250004 0.22784810156250002 0.43196202499999997 0.2294303796875 0.43512658281250005 0.2325949359375 0.4382911390625 0.237341771875 0.4382911390625 0.2405063296875 0.4367088609375 0.2436708859375 0.43196202499999997 0.2436708859375 0.42088607656250004 0.24525316406250003 0.41930379687499997 0.24525316406250003 0.38607595 0.2436708859375 0.38449367031250004 0.23575949375 0.38449367031250004 0.23101265781250002 0.38924050625 0.22784810156250002 0.3987341765625 0.2294303796875 0.4034810125
1 0.919303796875 0.572784809375 0.9098101265625 0.572784809375 0.90031645625 0.5854430374999999 0.8797468359374999 0.5933544296875 0.8860759500000001 0.6297468359375 0.9129746828125 0.6297468359375 0.9240506328125001 0.62183544375 0.9240506328125001 0.5775316453125 0.919303796875 0.572784809375
1 0.8085443031249999 0.8117088609374999 0.805379746875 0.8291139234375 0.8164556968750001 0.8512658234374999 0.8259493671874999 0.84968354375 0.8370253171875 0.833860759375 0.8370253171875 0.8148734171875001 0.8275316453125001 0.806962025 0.8085443031249999 0.8117088609374999
1 0.6534810125 0.068037975 0.6867088609375 0.066455696875 0.6898734171875 0.041139240625000004 0.6566455703125 0.041139240625000004 0.6534810125 0.068037975
1 0.61075949375 0.056962025000000006 0.655063290625 0.056962025000000006 0.6629746828124999 0.0395569625 0.59968354375 0.0379746828125 0.61075949375 0.056962025000000006