0 0.0171875 0 0.0125 0.00625 0 0.0046875 0 0.9984375 0.434375 0.9984375 0.4734375 0.99375 0.4796875 0.9984375 0.9984375 0.9984375 0.9984375 0 0.0171875 0
1 0.5921875 0.690625 0.6453125 0.7484375 0.6953125 0.771875 0.7765625 0.778125 0.8328125 0.7640625 0.86875 0.7390625 0.89375 0.70625 0.9203125 0.6390625 0.934375 0.5109375 0.90625 0.415625 0.878125 0.3609375 0.840625 0.3140625 0.809375 0.29375 0.7359375 0.271875 0.6296875 0.278125 0.6015625 0.2984375 0.5671875 0.3453125 0.5375 0.39375 0.5203125 0.4359375 0.51875 0.484375 0.528125 0.546875 0.5515625 0.625 0.5921875 0.690625
1 0.29375 0.8515625 0.3171875 0.8390625 0.35 0.79375 0.3546875 0.778125 0.3484375 0.7484375 0.3359375 0.7296875 0.30625 0.7109375 0.290625 0.7078125 0.2625 0.7078125 0.23125 0.7203125 0.203125 0.746875 0.196875 0.7671875 0.1984375 0.8109375 0.2359375 0.840625 0.2765625 0.853125 0.29375 0.8515625
1 0.2046875 0.371875 0.2015625 0.34375 0.1765625 0.3203125 0.153125 0.3171875 0.1265625 0.3265625 0.115625 0.3375 0.121875 0.3859375 0.15625 0.4015625 0.1828125 0.4015625 0.2046875 0.371875
1 0.4078125 0.8515625 0.4109375 0.828125 0.4 0.8015625 0.3640625 0.790625 0.35 0.796875 0.321875 0.8359375 0.3171875 0.8546875 0.3390625 0.871875 0.3953125 0.8765625 0.4078125 0.8515625
1 0.24375 0.24375 0.2328125 0.23125 0.21875 0.23125 0.209375 0.240625 0.209375 0.25 0.23125 0.2609375 0.24375 0.24375
1 0.290625 0.1921875 0.2703125 0.196875 0.278125 0.2109375 0.2875 0.2109375 0.29375 0.2015625 0.290625 0.1921875
1 0.4 0.25 0.3875 0.2515625 0.3859375 0.2609375 0.3953125 0.2671875 0.403125 0.2546875 0.4 0.25
1 0.778125 0.090625 0.78125 0.109375 0.8046875 0.1109375 0.8 0.0875 0.778125 0.090625
1 0.2125 0.45625 0.1921875 0.4546875 0.19375 0.4703125 0.209375 0.4734375 0.2125 0.45625
1 0.1078125 0.4515625 0.109375 0.4703125 0.1328125 0.4703125 0.128125 0.45 0.1078125 0.4515625
1 0.4125 0.621875 0.390625 0.6203125 0.3921875 0.6375 0.4046875 0.64375 0.415625 0.6390625 0.4125 0.621875
1 0.5671875 0.24375 0.578125 0.24375 0.5796875 0.2453125 0.6125 0.2453125 0.6140625 0.24375 0.6140625 0.2359375 0.609375 0.23125 0.6 0.228125 0.5953125 0.2296875 0.590625 0.234375 0.578125 0.228125 0.5671875 0.228125 0.5640625 0.2296875 0.5609375 0.2328125 0.5609375 0.2375 0.5625 0.240625 0.5671875 0.24375
1 0.428125 0.9109375 0.428125 0.9015625 0.415625 0.8921875 0.4078125 0.871875 0.371875 0.878125 0.371875 0.9046875 0.3796875 0.915625 0.4234375 0.915625 0.428125 0.9109375
1 0.196875 0.8203125 0.1921875 0.8015625 0.175 0.7984375 0.153125 0.809375 0.1546875 0.81875 0.1703125 0.8296875 0.1890625 0.8296875 0.196875 0.8203125
1 0.9265625 0.6484375 0.928125 0.68125 0.953125 0.684375 0.953125 0.6515625 0.9265625 0.6484375
1 0.9375 0.60625 0.9375 0.65 0.9546875 0.6578125 0.95625 0.5953125 0.9375 0.60625