0 0.7788778875 1 0.8118811875 0.9851485156249999 0.8366336640625001 0.9669966999999999 0.8448844890625 0.95049505 0.8580858078125001 0.100660065625 0.8481848187500001 0.0660066 0.81518151875 0.0396039609375 0.7343234328125 0.023102310937500002 0.2937293734375 0.023102310937500002 0.235973596875 0.026402640625 0.22112211249999997 0.0363036296875 0.21452145156250002 0.054455445312499996 0.2095709578125 0.08580858125 0.21122112187500003 0.541254125 0.20462046250000002 0.5709570953124999 0.2095709578125 0.6831683171875 0.202970296875 0.8019801984375 0.202970296875 0.9207920796875 0.2095709578125 0.9851485156249999 0.2244224421875 0.998349834375 0.2623762375 1 0.7788778875 1
1 0.481848184375 0.9075907593749999 0.5511551156250001 0.9059405937499999 0.592409240625 0.8943894390624999 0.6138613859375 0.8795379531249999 0.6155115515625 0.8498349828125 0.5841584156249999 0.8250825078125 0.526402640625 0.8118811875 0.45874587499999997 0.8168316828125001 0.42244224375000006 0.8283828390625001 0.40594059375 0.8415841578125001 0.407590759375 0.8679867984375 0.42244224375000006 0.8877887781249999 0.481848184375 0.9075907593749999
1 0.4554455453125 0.7574257421875 0.4884488453125 0.760726071875 0.56105610625 0.7376237625 0.5808580859375 0.7145214515625 0.5775577562499999 0.69306930625 0.5478547859375 0.6732673265625 0.4966996703125 0.6650165015625 0.457095709375 0.6650165015625 0.41089108906250005 0.67656765625 0.3844884484375 0.7013201312499999 0.3861386140625 0.7244224421875 0.41089108906250005 0.744224421875 0.4554455453125 0.7574257421875
1 0.4042904296875 0.8448844890625 0.379537953125 0.8498349828125 0.354785478125 0.8679867984375 0.3580858078125 0.8778877890624999 0.3762376234375 0.8861386140624999 0.4273927390625 0.8927392734374999 0.42079207968750004 0.8778877890624999 0.42409240937500003 0.8663366343750001 0.4042904296875 0.8448844890625
1 0.7062706265625 0.9801980203125 0.7458745875 0.981848184375 0.7541254125 0.973597359375 0.7409240921875 0.9620462046875 0.7145214515625 0.9620462046875 0.7013201312499999 0.975247525 0.7062706265625 0.9801980203125
1 0.735973596875 0.8399339937500001 0.7079207921874999 0.8531353140625001 0.7244224421875 0.8696369640625001 0.764026403125 0.8712871281250001 0.7788778875 0.8646864687500001 0.7838283828125 0.854785478125 0.764026403125 0.8432343234375 0.735973596875 0.8399339937500001
1 0.43069306875 0.5660065999999999 0.4686468640625 0.58580858125 0.5478547859375 0.600660065625 0.64356435625 0.5907590765624999 0.678217821875 0.5726072609374999 0.6864686468750001 0.542904290625 0.669966996875 0.5198019796875 0.6138613859375 0.491749175 0.5627062703125 0.485148515625 0.5033003296875 0.4884488453125 0.4554455453125 0.5033003296875 0.43069306875 0.5214521453125001 0.425742575 0.5363036296875 0.43069306875 0.5660065999999999
1 0.5643564359375 0.42409240937500003 0.600660065625 0.4372937296875 0.6551155109375 0.44224422499999994 0.6914191421875 0.43399340000000003 0.7260726078124999 0.41419141875000004 0.7376237625 0.39768976875 0.7376237625 0.382838284375 0.7178217828125 0.36468646875 0.669966996875 0.354785478125 0.6221122109375 0.354785478125 0.559405940625 0.37293729375 0.5478547859375 0.387788778125 0.5478547859375 0.40594059375 0.5643564359375 0.42409240937500003
1 0.5561056109375 0.2838283828125 0.5577557750000001 0.2656765671875 0.54950495 0.2541254125 0.5297029703125 0.244224421875 0.44059405937499996 0.244224421875 0.407590759375 0.2541254125 0.37293729375 0.27887788750000003 0.3366336640625 0.2937293734375 0.3267326734375 0.3102310234375 0.2838283828125 0.3267326734375 0.2458745875 0.371287128125 0.23432343281249998 0.371287128125 0.3036303625 0.4125412546875 0.4191419140625 0.407590759375 0.485148515625 0.38118811875 0.4884488453125 0.3861386140625 0.4966996703125 0.38118811875 0.5 0.3861386140625 0.534653465625 0.3844884484375 0.5528052812500001 0.37293729375 0.493399340625 0.3531353140625 0.5445544546875001 0.3349834984375 0.5280528046875 0.3267326734375 0.5231023109375 0.3118811875 0.5561056109375 0.2838283828125
1 0.6716171609375 0.297029703125 0.7491749171875 0.2904290421875 0.7739273921875001 0.2673267328125 0.7821782171875 0.235973596875 0.7656765671875 0.22277227656249998 0.7326732671875 0.21617161718750003 0.69306930625 0.219471946875 0.6567656765625001 0.2310231015625 0.6221122109375 0.255775578125 0.62706270625 0.27557755781250004 0.65181518125 0.2904290421875 0.6716171609375 0.297029703125
1 0.7689768984375001 0.7508250828125 0.7227722765625 0.755775578125 0.7161716171875 0.760726071875 0.7145214515625 0.7772277234375 0.727722771875 0.7871287125 0.7739273921875001 0.7871287125 0.7937293734375 0.7755775578125 0.7937293734375 0.760726071875 0.7689768984375001 0.7508250828125
1 0.4455445546875 0.125412540625 0.41089108906250005 0.1221122109375 0.4009900984375 0.128712871875 0.4092409234375 0.136963696875 0.43564356406250004 0.1386138609375 0.4455445546875 0.125412540625