0 0.2524131265625 0 0.2331081078125 0.003378378125 0.199324325 0.01858108125 0.1739864859375 0.0371621625 0.165540540625 0.0540540546875 0.1520270265625 0.9239864859375 0.16216216249999998 0.9594594593749999 0.1959459453125 0.9864864859375 0.2621621625 1 0.7888513515625 1 0.8040540546875 0.989864865625 0.8108108109375 0.971283784375 0.815878378125 0.9391891890625 0.8141891890625 0.4729729734375 0.8209459453125 0.4425675671875 0.815878378125 0.327702703125 0.822635134375 0.20608108125000002 0.822635134375 0.084459459375 0.815878378125 0.01858108125 0.8006756749999999 0.0050675671875 0.6841216218749999 0 0.2524131265625 0
1 0.5371621625 0.0979729734375 0.466216215625 0.0996621625 0.42398648593750005 0.11148648593749999 0.4020270265625 0.12668918906249999 0.40033783749999996 0.1570945953125 0.4324324328125 0.1824324328125 0.4915540546875 0.1959459453125 0.5608108109375001 0.190878378125 0.5979729734375 0.1790540546875 0.614864865625 0.165540540625 0.613175675 0.1385135140625 0.5979729734375 0.11824324374999999 0.5371621625 0.0979729734375
1 0.5641891890624999 0.25168918906250004 0.5304054046875 0.2483108109375 0.45608108124999996 0.271959459375 0.4358108109375 0.2956081078125 0.4391891890625 0.3175675671875 0.46959459531250003 0.3378378375 0.521959459375 0.346283784375 0.5625 0.346283784375 0.609797296875 0.334459459375 0.636824325 0.30912162187500003 0.635135134375 0.2854729734375 0.609797296875 0.265202703125 0.5641891890624999 0.25168918906250004
1 0.6165540546875 0.16216216249999998 0.6418918921875 0.1570945953125 0.6672297296874999 0.1385135140625 0.6638513515625 0.128378378125 0.6452702703125001 0.11993243281249999 0.5929054046875 0.113175675 0.5996621625 0.128378378125 0.596283784375 0.140202703125 0.6165540546875 0.16216216249999998
1 0.3074324328125 0.0236486484375 0.2668918921875 0.021959459375 0.2584459453125 0.0304054046875 0.271959459375 0.0422297296875 0.2989864859375 0.0422297296875 0.3125 0.028716215625000003 0.3074324328125 0.0236486484375
1 0.2770270265625 0.1672297296875 0.30574324375 0.15371621562499999 0.2888513515625 0.136824325 0.2483108109375 0.135135134375 0.2331081078125 0.1418918921875 0.22804054062499998 0.1520270265625 0.2483108109375 0.1638513515625 0.2770270265625 0.1672297296875
1 0.5895270265625 0.447635134375 0.550675675 0.427364865625 0.46959459531250003 0.41216216250000004 0.37162162187500003 0.42229729687499995 0.3361486484375 0.440878378125 0.327702703125 0.471283784375 0.3445945953125 0.4949324328125 0.4020270265625 0.5236486484375 0.4543918921875 0.5304054046875 0.515202703125 0.5270270265625 0.5641891890624999 0.511824325 0.5895270265625 0.49324324375 0.5945945953125 0.478040540625 0.5895270265625 0.447635134375
1 0.45270270312500005 0.5929054046875 0.415540540625 0.5793918921875 0.359797296875 0.574324325 0.322635134375 0.5827702703125001 0.2871621625 0.603040540625 0.2753378375 0.6199324328125 0.2753378375 0.635135134375 0.2956081078125 0.653716215625 0.3445945953125 0.6638513515625 0.39358108125 0.6638513515625 0.45777027031250006 0.6452702703125001 0.46959459531250003 0.6300675671875 0.46959459531250003 0.6114864859375 0.45270270312500005 0.5929054046875
1 0.4611486484375 0.7364864859375 0.459459459375 0.7550675671875 0.46790540468749997 0.7668918921875 0.48817567500000003 0.7770270265625 0.5793918921875 0.7770270265625 0.613175675 0.7668918921875 0.6486486484375 0.7415540546875 0.6858108109375001 0.7263513515625 0.6959459453125 0.709459459375 0.739864865625 0.6925675671875 0.778716215625 0.646959459375 0.790540540625 0.646959459375 0.7195945953125 0.6047297296874999 0.6013513515625 0.609797296875 0.533783784375 0.636824325 0.5304054046875 0.6317567562499999 0.521959459375 0.636824325 0.51858108125 0.6317567562499999 0.4831081078125 0.6334459453125 0.4645270265625 0.6452702703125001 0.5253378375 0.665540540625 0.4729729734375 0.6841216218749999 0.489864865625 0.6925675671875 0.4949324328125 0.7077702703125001 0.4611486484375 0.7364864859375
1 0.3429054046875 0.7229729734375 0.2635135140625 0.7297297296874999 0.238175675 0.7533783781250001 0.2297297296875 0.7854729734375 0.246621621875 0.7989864859375 0.2804054046875 0.80574324375 0.3209459453125 0.802364865625 0.3581081078125 0.790540540625 0.39358108125 0.765202703125 0.3885135140625 0.7449324328125 0.36317567500000003 0.7297297296874999 0.3429054046875 0.7229729734375
1 0.24324324375 0.2584459453125 0.290540540625 0.25337837812499997 0.297297296875 0.2483108109375 0.2989864859375 0.23141891874999998 0.2854729734375 0.22128378437500001 0.238175675 0.22128378437500001 0.21790540468750003 0.2331081078125 0.21790540468750003 0.2483108109375 0.24324324375 0.2584459453125
1 0.574324325 0.8986486484375 0.609797296875 0.9020270265624999 0.6199324328125 0.8952702703125001 0.6114864859375 0.8868243250000001 0.584459459375 0.885135134375 0.574324325 0.8986486484375