0 0.1796875 0.9578125 0.2296875 0.965625 0.61875 0.9671875 0.6234375 0.9640625 0.621875 0.9515625 0.6609375 0.8984375 0.6875 0.8859375 0.7328125 0.8796875 0.884375 0.8796875 0.9125 0.8734375 0.925 0.8640625 0.934375 0.8328125 0.9390625 0.7703125 0.9546875 0.35 0.953125 0.246875 0.9390625 0.215625 0.8875 0.2078125 0.7765625 0.2078125 0.696875 0.1953125 0.5703125 0.1921875 0.4453125 0.215625 0.2125 0.240625 0.2078125 0.246875 0.2 0.24375 0.1921875 0.2671875 0.1921875 0.390625 0.184375 0.425 0.1953125 0.446875 0.184375 0.471875 0.1796875 0.5171875 0.18125 0.609375 0.165625 0.8625 0.16875 0.9359375 0.1796875 0.9578125
1 0.3578125 0.5953125 0.353125 0.5984375 0.35625 0.6234375 0.3515625 0.63125 0.365625 0.66875 0.371875 0.671875 0.3671875 0.6921875 0.4265625 0.6984375 0.44375 0.715625 0.44375 0.7359375 0.5078125 0.746875 0.575 0.746875 0.578125 0.7390625 0.6265625 0.7390625 0.64375 0.7234375 0.696875 0.7 0.6953125 0.690625 0.7078125 0.6875 0.7140625 0.6765625 0.7640625 0.6578125 0.725 0.5578125 0.7265625 0.546875 0.7375 0.5359375 0.740625 0.471875 0.7046875 0.41875 0.6515625 0.3875 0.5625 0.3515625 0.446875 0.3546875 0.4203125 0.3828125 0.4015625 0.3875 0.3671875 0.45 0.340625 0.571875 0.340625 0.5796875 0.3484375 0.5796875 0.3578125 0.5953125
1 0.43125 0.3765625 0.4421875 0.36875 0.4453125 0.3578125 0.4328125 0.340625 0.4109375 0.334375 0.3875 0.334375 0.3578125 0.346875 0.3546875 0.365625 0.365625 0.3765625 0.3921875 0.384375 0.43125 0.3765625
1 0.4828125 0.6140625 0.48125 0.5984375 0.446875 0.575 0.409375 0.575 0.3859375 0.5875 0.3859375 0.60625 0.41875 0.6296875 0.4546875 0.63125 0.4828125 0.6140625
1 0.4578125 0.5015625 0.4578125 0.4890625 0.4421875 0.48125 0.421875 0.48125 0.40625 0.4890625 0.4046875 0.5015625 0.4171875 0.509375 0.440625 0.5109375 0.4578125 0.5015625
1 0.5984375 0.446875 0.596875 0.4375 0.584375 0.43125 0.55625 0.434375 0.5515625 0.4484375 0.5609375 0.45625 0.5875 0.45625 0.5984375 0.446875
1 0.4390625 0.7265625 0.434375 0.7046875 0.396875 0.69375 0.3640625 0.7 0.35 0.715625 0.35 0.728125 0.384375 0.740625 0.40625 0.7421875 0.4390625 0.7265625
1 0.671875 0.68125 0.665625 0.665625 0.63125 0.6671875 0.6265625 0.678125 0.6359375 0.6890625 0.6609375 0.6890625 0.671875 0.68125
1 0.7140625 0.678125 0.7125 0.66875 0.7046875 0.665625 0.6796875 0.66875 0.678125 0.6796875 0.6890625 0.6875 0.7046875 0.6859375 0.7140625 0.678125
1 0.553125 0.55625 0.5390625 0.5578125 0.5375 0.56875 0.553125 0.5703125 0.5609375 0.5640625 0.553125 0.55625
1 0.6078125 0.6546875 0.6078125 0.65 0.5875 0.6421875 0.5671875 0.646875 0.5625 0.6578125 0.5734375 0.665625 0.6015625 0.6609375 0.6078125 0.6546875