0 0.11736334374999999 0.8890675234375 0.1237942125 0.91800643125 0.1334405140625 0.9308681671875 0.1655948546875 0.94051446875 0.22990353749999998 0.9453376203125 0.662379421875 0.961414790625 0.7684887453125 0.9598070734374999 0.8006430874999999 0.9453376203125 0.8086816718750001 0.8922829578125 0.8086816718750001 0.7781350484375 0.8215434078125 0.6961414796875001 0.8247588421875 0.5659163984375 0.8006430874999999 0.43729903593749997 0.7749196140625 0.197749196875 0.7684887453125 0.1929260453125 0.7717041796874999 0.184887459375 0.747588425 0.176848875 0.620578778125 0.176848875 0.585209003125 0.1688102890625 0.5627009640625 0.180064309375 0.5369774921875 0.1688102890625 0.4903536984375 0.1639871375 0.3954983921875 0.1655948546875 0.13504823125 0.149517684375 0.05948553125 0.15273311875 0.0369774921875 0.1639871375 0.02893890625 0.215434084375 0.0273311890625 0.6157556265624999 0.030546623437499996 0.620578778125 0.043408359375 0.6189710609375 0.0980707390625 0.6591639875 0.11093247656250001 0.6864951765625 0.11736334374999999 0.7331189703125001 0.11736334374999999 0.8890675234375
1 0.2861736328125 0.43569131875 0.2652733125 0.43569131875 0.2540192921875 0.5016077171875 0.2540192921875 0.57073955 0.262057878125 0.573954984375 0.262057878125 0.6237942125 0.2781350484375 0.6414791 0.302250803125 0.6961414796875001 0.31189710625 0.6945337625 0.315112540625 0.7073954984374999 0.326366559375 0.7138263671875 0.3456591640625 0.7652733125 0.4485530546875 0.7250803859375 0.4598070734375 0.726688103125 0.47106109375000005 0.737942121875 0.5369774921875 0.74115755625 0.591639871875 0.7041800640625 0.6237942125 0.649517684375 0.6607717046875 0.5578778140625 0.6575562703125 0.43890675312500005 0.6286173640625 0.41157556250000005 0.6237942125 0.3922829578125 0.55948553125 0.3569131828125 0.43408360156250003 0.32958199375 0.426045015625 0.32958199375 0.426045015625 0.337620578125 0.40996784531249997 0.34726688125 0.40675241093750003 0.3424437296875 0.3810289390625 0.3456591640625 0.372990353125 0.3408360125 0.3344051453125 0.355305465625 0.3311897109375 0.361736334375 0.3102893890625 0.3569131828125 0.3038585203125 0.41800643125 0.2861736328125 0.43569131875
1 0.63504823125 0.355305465625 0.627009646875 0.38263665625 0.63504823125 0.42282958125 0.6430868171874999 0.43408360156250003 0.6543408359375 0.43729903593749997 0.6720257234375 0.42443729843750005 0.6784565921875 0.40192926093750003 0.6784565921875 0.3778135046875 0.6655948546875 0.34726688125 0.6463022515625 0.344051446875 0.63504823125 0.355305465625
1 0.390675240625 0.47588424375000005 0.40675241093750003 0.47427652656249997 0.4308681671875 0.43890675312500005 0.4308681671875 0.40032154374999995 0.41800643125 0.3762057875 0.3987138265625 0.3762057875 0.3745980703125 0.40996784531249997 0.372990353125 0.4469453375 0.390675240625 0.47588424375000005
1 0.50643086875 0.450160771875 0.5192926046874999 0.450160771875 0.5273311890625 0.43408360156250003 0.5273311890625 0.4131832796875 0.5192926046874999 0.397106109375 0.50643086875 0.3954983921875 0.49839228281250003 0.408360128125 0.49678456562499995 0.43247588437499995 0.50643086875 0.450160771875
1 0.5723472671875001 0.5932475890625 0.578778134375 0.5803858515625 0.5755627015625 0.5514469453124999 0.561093246875 0.54662379375 0.5530546625 0.556270096875 0.5530546625 0.5836012859374999 0.5627009640625 0.5948553046875 0.5723472671875001 0.5932475890625
1 0.2749196140625 0.4308681671875 0.297427653125 0.426045015625 0.308681671875 0.3874598078125 0.302250803125 0.3536977484375 0.2861736328125 0.3392282953125 0.273311896875 0.3392282953125 0.2604501609375 0.3745980703125 0.25884244375 0.397106109375 0.2749196140625 0.4308681671875
1 0.3360128625 0.6286173640625 0.3247588421875 0.6237942125 0.3135048234375 0.6334405140625 0.3135048234375 0.6591639875 0.3215434078125 0.67041800625 0.337620578125 0.6639871375 0.3360128625 0.6286173640625
1 0.3344051453125 0.71221865 0.337620578125 0.7041800640625 0.3344051453125 0.6784565921875 0.323151125 0.676848875 0.315112540625 0.68810289375 0.3167202578125 0.7041800640625 0.3247588421875 0.7138263671875 0.3344051453125 0.71221865
1 0.43569131875 0.5482315109375 0.44212218593749997 0.556270096875 0.450160771875 0.5482315109375 0.4485530546875 0.5337620578125 0.43729903593749997 0.532154340625 0.43569131875 0.5482315109375
1 0.3536977484375 0.6045016078125001 0.361736334375 0.5836012859374999 0.3569131828125 0.5627009640625 0.3456591640625 0.5578778140625 0.337620578125 0.5691318328125 0.3424437296875 0.5980707390625 0.3488745984375 0.6045016078125001 0.3536977484375 0.6045016078125001