0 0.64282786875 1 0.6426229515624999 0.99836065625 0.6836065578125 0.9426229515625 0.711475409375 0.9295081968750001 0.75901639375 0.9229508203125001 0.9180327875 0.9229508203125001 0.947540984375 0.9163934421875 0.9606557375 0.9065573765625 0.9704918031249999 0.8737704921875 0.9754098359375 0.808196721875 0.991803278125 0.3672131140625 0.990163934375 0.25901639374999996 0.9754098359375 0.2262295078125 0.9213114750000001 0.21803278750000002 0.8049180328125001 0.21803278750000002 0.721311475 0.20491803281249998 0.588524590625 0.20163934375 0.45737704843750004 0.2262295078125 0.2131147546875 0.252459015625 0.208196721875 0.25901639374999996 0.2 0.2557377046875 0.191803278125 0.28032786875000004 0.191803278125 0.40983606562499997 0.1836065578125 0.4459016390625 0.19508196718749998 0.46885245937500003 0.1836065578125 0.4950819671875 0.17868852500000001 0.5426229515625 0.18032786875 0.6393442625 0.16393442656249999 0.9049180328125 0.1672131140625 0.9819672125000001 0.1762295078125 1 0.64282786875 1
1 0.45573770468749997 0.750819671875 0.45573770468749997 0.772131146875 0.5229508203125001 0.7836065578125 0.5934426234375 0.7836065578125 0.5967213109375 0.7754098359375 0.647540984375 0.7754098359375 0.6655737703125 0.75901639375 0.721311475 0.7344262296874999 0.7196721312500001 0.7245901640625 0.7327868859375 0.721311475 0.7393442625 0.709836065625 0.791803278125 0.690163934375 0.750819671875 0.5852459015625 0.7524590156250001 0.5737704921875 0.7639344265625 0.56229508125 0.7672131140625 0.4950819671875 0.729508196875 0.43934426249999997 0.6737704921875001 0.4065573765625 0.58032786875 0.368852459375 0.45901639375 0.37213114687500004 0.43114754062499994 0.40163934375 0.41147540937500005 0.4065573765625 0.3754098359375 0.47213114687499996 0.34754098437500003 0.6 0.34754098437500003 0.608196721875 0.3557377046875 0.608196721875 0.3655737703125 0.6245901640625 0.3606557375 0.6278688531250001 0.3639344265625 0.6540983609375 0.35901639375 0.66229508125 0.37377049218749997 0.7016393437499999 0.38032786875 0.7049180328125 0.3754098359375 0.7262295078125 0.43770491875 0.7327868859375 0.45573770468749997 0.750819671875
1 0.37377049218749997 0.3950819671875 0.40163934375 0.40327868906250003 0.4426229515625 0.3950819671875 0.4540983609375 0.3868852453125 0.45737704843750004 0.3754098359375 0.44426229531250006 0.35737704843749996 0.421311475 0.35081967187499996 0.39672131093749996 0.35081967187499996 0.3655737703125 0.3639344265625 0.36229508125 0.38360655781249997 0.37377049218749997 0.3950819671875
1 0.4967213109375 0.6442622953125 0.4950819671875 0.6278688531250001 0.45901639375 0.6032786890625 0.41967213125 0.6032786890625 0.3950819671875 0.6163934421875 0.3950819671875 0.6360655734375 0.42950819687499997 0.6606557375000001 0.4672131140625 0.66229508125 0.4967213109375 0.6442622953125
1 0.470491803125 0.5262295078125 0.470491803125 0.5131147546875 0.4540983609375 0.5049180328125 0.43278688593750003 0.5049180328125 0.4163934421875 0.5131147546875 0.41475409843750005 0.5262295078125 0.427868853125 0.5344262296875 0.452459015625 0.5360655734375 0.470491803125 0.5262295078125
1 0.6163934421875 0.45901639375 0.6032786890625 0.452459015625 0.5737704921875 0.45573770468749997 0.5688524593750001 0.470491803125 0.578688525 0.47868852500000003 0.6065573765625001 0.47868852500000003 0.6180327875 0.46885245937500003 0.6163934421875 0.45901639375
1 0.450819671875 0.76229508125 0.4459016390625 0.7393442625 0.4065573765625 0.727868853125 0.37213114687500004 0.7344262296874999 0.35737704843749996 0.750819671875 0.35737704843749996 0.7639344265625 0.3934426234375 0.7770491796875 0.4163934421875 0.778688525 0.450819671875 0.76229508125
1 0.6524590156250001 0.7 0.647540984375 0.711475409375 0.6573770484375 0.7229508203125 0.6836065578125 0.7229508203125 0.6950819671875 0.7147540984375 0.6885245906249999 0.69836065625 0.6524590156250001 0.7
1 0.73770491875 0.7016393437499999 0.729508196875 0.69836065625 0.7032786890625 0.7016393437499999 0.7016393437499999 0.7131147546875 0.7131147546875 0.721311475 0.729508196875 0.7196721312500001 0.7393442625 0.711475409375 0.73770491875 0.7016393437499999
1 0.570491803125 0.59836065625 0.578688525 0.591803278125 0.570491803125 0.5836065578125 0.5557377046875 0.5852459015625 0.5540983609375 0.5967213109375 0.570491803125 0.59836065625
1 0.6278688531250001 0.6819672125 0.6065573765625001 0.6737704921875001 0.5852459015625 0.678688525 0.58032786875 0.690163934375 0.591803278125 0.69836065625 0.621311475 0.6934426234375 0.6278688531250001 0.6868852453125001 0.6278688531250001 0.6819672125