0 0.134375 0.2953125 0.1890625 0.2953125 0.228125 0.278125 0.2703125 0.2234375 0.2765625 0.19375 0.2703125 0.125 0.240625 0.084375 0.190625 0.0546875 0.140625 0.05 0.0953125 0.0640625 0.0625 0.09375 0.0375 0.15 0.0375 0.1921875 0.059375 0.2390625 0.0953125 0.278125 0.134375 0.2953125
1 0.190625 0.2015625 0.2015625 0.1796875 0.19375 0.153125 0.1734375 0.1453125 0.1515625 0.153125 0.1453125 0.165625 0.15 0.2 0.1671875 0.2046875 0.190625 0.2015625
0 0.475 0.2921875 0.5203125 0.290625 0.5578125 0.275 0.590625 0.2421875 0.6140625 0.1828125 0.609375 0.1359375 0.5890625 0.0875 0.546875 0.0484375 0.521875 0.040625 0.475 0.040625 0.4390625 0.053125 0.3984375 0.0875 0.3765625 0.1484375 0.38125 0.209375 0.4 0.2484375 0.434375 0.2796875 0.475 0.2921875
1 0.5109375 0.1484375 0.5234375 0.1265625 0.5203125 0.1015625 0.5078125 0.0859375 0.478125 0.084375 0.4578125 0.1078125 0.45625 0.128125 0.478125 0.153125 0.4890625 0.15625 0.5109375 0.1484375
1 0.5875 0.153125 0.575 0.134375 0.5546875 0.13125 0.5390625 0.1484375 0.5375 0.165625 0.5515625 0.1859375 0.5796875 0.184375 0.5875 0.153125
0 0.7921875 0.2890625 0.846875 0.290625 0.8921875 0.2734375 0.9265625 0.234375 0.94375 0.19375 0.9421875 0.1390625 0.9265625 0.1015625 0.9 0.0671875 0.8671875 0.0421875 0.815625 0.040625 0.778125 0.0515625 0.728125 0.1 0.7125 0.1421875 0.7109375 0.1890625 0.7171875 0.221875 0.7484375 0.265625 0.7921875 0.2890625
1 0.8328125 0.1484375 0.83125 0.1265625 0.8140625 0.115625 0.7953125 0.1203125 0.7859375 0.1328125 0.7859375 0.1484375 0.79375 0.1609375 0.81875 0.1625 0.8328125 0.1484375
0 0.1203125 0.61875 0.1765625 0.6234375 0.196875 0.6171875 0.2375 0.5953125 0.2703125 0.5546875 0.2765625 0.5203125 0.2703125 0.4484375 0.234375 0.403125 0.1921875 0.3765625 0.1453125 0.3765625 0.08125 0.40625 0.0484375 0.4546875 0.040625 0.478125 0.0390625 0.509375 0.0515625 0.5546875 0.0796875 0.5953125 0.1203125 0.61875
1 0.2234375 0.5328125 0.2296875 0.521875 0.23125 0.4953125 0.2203125 0.4796875 0.178125 0.478125 0.1625 0.4953125 0.1625 0.5171875 0.184375 0.5390625 0.2078125 0.5390625 0.2234375 0.5328125
0 0.4796875 0.6265625 0.509375 0.628125 0.534375 0.621875 0.5765625 0.6 0.60625 0.571875 0.628125 0.5359375 0.6296875 0.4890625 0.61875 0.4546875 0.5640625 0.4109375 0.5203125 0.396875 0.4703125 0.3953125 0.4375 0.403125 0.3953125 0.44375 0.3828125 0.48125 0.38125 0.521875 0.4 0.575 0.4390625 0.6125 0.4796875 0.6265625
1 0.5125 0.5203125 0.5140625 0.484375 0.5015625 0.4734375 0.4734375 0.471875 0.453125 0.48125 0.45 0.515625 0.465625 0.5328125 0.490625 0.5328125 0.5125 0.5203125
0 0.1375 0.9625 0.178125 0.9625 0.2203125 0.95 0.2640625 0.91875 0.2921875 0.8734375 0.2984375 0.84375 0.2921875 0.803125 0.2703125 0.7703125 0.225 0.7375 0.1796875 0.7234375 0.1265625 0.725 0.0875 0.7421875 0.05625 0.775 0.0359375 0.8265625 0.0359375 0.8640625 0.0515625 0.903125 0.0875 0.9421875 0.1375 0.9625
1 0.115625 0.8625 0.1171875 0.846875 0.1109375 0.8390625 0.096875 0.8359375 0.084375 0.8421875 0.08125 0.85625 0.090625 0.86875 0.103125 0.8703125 0.115625 0.8625
1 0.2078125 0.8015625 0.1921875 0.7984375 0.18125 0.80625 0.1859375 0.8296875 0.2109375 0.821875 0.2140625 0.8078125 0.2078125 0.8015625
0 0.45625 0.9625 0.51875 0.9640625 0.5515625 0.953125 0.5890625 0.91875 0.6140625 0.8640625 0.6125 0.809375 0.5921875 0.7640625 0.5515625 0.728125 0.5296875 0.721875 0.5015625 0.71875 0.4390625 0.7265625 0.39375 0.7671875 0.3734375 0.8203125 0.3734375 0.8671875 0.3953125 0.9171875 0.440625 0.9578125 0.45625 0.9625
1 0.55 0.8375 0.5546875 0.80625 0.5390625 0.7859375 0.5109375 0.7796875 0.4890625 0.7921875 0.4828125 0.8203125 0.4953125 0.84375 0.525 0.8484375 0.55 0.8375
0 0.7921875 0.9625 0.85 0.965625 0.9 0.9546875 0.95 0.915625 0.9703125 0.871875 0.9703125 0.825 0.9578125 0.7921875 0.9109375 0.7484375 0.8609375 0.725 0.8 0.7234375 0.7625 0.7390625 0.7265625 0.775 0.7140625 0.8140625 0.7125 0.853125 0.721875 0.896875 0.7609375 0.9453125 0.7921875 0.9625
1 0.871875 0.8328125 0.86875 0.80625 0.8484375 0.790625 0.81875 0.790625 0.7953125 0.809375 0.7984375 0.84375 0.8265625 0.8609375 0.8484375 0.859375 0.871875 0.8328125
0 0.8359375 0.6265625 0.8640625 0.6203125 0.903125 0.5953125 0.934375 0.5515625 0.9421875 0.5109375 0.934375 0.4671875 0.9015625 0.421875 0.8578125 0.3984375 0.8109375 0.39375 0.759375 0.40625 0.721875 0.446875 0.7109375 0.4875 0.7171875 0.5578125 0.7453125 0.5953125 0.790625 0.6234375 0.8359375 0.6265625
1 0.815625 0.4609375 0.7984375 0.453125 0.7859375 0.4609375 0.7859375 0.4859375 0.8015625 0.4953125 0.8171875 0.4796875 0.815625 0.4609375