0 0.1136363640625 0.0227272734375 0.0665584421875 0.0373376625 0.0324675328125 0.06818181875 0.00649350625 0.1266233765625 0.00649350625 0.17045454531249998 0.029220779687499997 0.21915584375 0.0665584421875 0.259740259375 0.10714285781249999 0.27759740312500003 0.16396103906249998 0.27759740312500003 0.2045454546875 0.259740259375 0.2483766234375 0.202922078125 0.2548701296875 0.17207792187499998 0.2483766234375 0.10064935 0.2175324671875 0.0584415578125 0.16558441562499998 0.027597403124999996 0.1136363640625 0.0227272734375
1 0.16558441562499998 0.1801948046875 0.1769480515625 0.1574675328125 0.16883116874999998 0.1298701296875 0.1477272734375 0.121753246875 0.125 0.1298701296875 0.11850649375 0.1428571421875 0.1233766234375 0.178571428125 0.141233765625 0.1834415578125 0.16558441562499998 0.1801948046875
0 0.509740259375 0.0129870125 0.46103896093749996 0.0129870125 0.42370129843750004 0.025974026562500002 0.38149350625 0.061688310937500004 0.358766234375 0.125 0.3636363640625 0.1883116890625 0.3831168828125 0.228896103125 0.41883116875 0.2613636359375 0.46103896093749996 0.27435065000000003 0.5081168828125 0.27272727343750003 0.5470779218749999 0.25649350625 0.5811688312500001 0.222402596875 0.60551948125 0.16071428593749998 0.6006493500000001 0.1120129875 0.5795454546875 0.061688310937500004 0.5357142859375 0.021103896875 0.509740259375 0.0129870125
1 0.47564935 0.1331168828125 0.49837662343750005 0.125 0.5113636359375 0.1022727265625 0.5081168828125 0.0762987015625 0.49512987031250005 0.060064934375000004 0.46428571406249997 0.0584415578125 0.44318181875 0.08279220781249999 0.44155844218749996 0.103896103125 0.46428571406249997 0.1298701296875 0.47564935 0.1331168828125
1 0.5649350656250001 0.1103896109375 0.5438311687499999 0.10714285781249999 0.5275974031249999 0.125 0.5259740265625 0.1428571421875 0.5405844156249999 0.16396103906249998 0.5698051953125 0.16233766249999998 0.5779220781250001 0.1298701296875 0.5649350656250001 0.1103896109375
0 0.86850649375 0.014610389062500001 0.8149350656250001 0.0129870125 0.7759740265625 0.024350649999999998 0.7240259734375 0.074675325 0.7077922078125 0.11850649375 0.7061688312500001 0.16720779218749998 0.7126623375000001 0.2012987015625 0.7451298703125 0.246753246875 0.7905844156249999 0.271103896875 0.8474025968750001 0.27272727343750003 0.89448051875 0.2548701296875 0.9301948046874999 0.2142857140625 0.9480519484375 0.17207792187499998 0.9464285718750001 0.115259740625 0.9301948046874999 0.0762987015625 0.9025974031249999 0.040584415624999995 0.86850649375 0.014610389062500001
1 0.8327922078125001 0.125 0.83116883125 0.1022727265625 0.8133116890625001 0.090909090625 0.7938311687499999 0.0957792203125 0.7840909093749999 0.10876623437499999 0.7840909093749999 0.125 0.7922077921875 0.1379870125 0.81818181875 0.1396103890625 0.8327922078125001 0.125
0 0.16720779218749998 0.3620129875 0.11850649375 0.3620129875 0.0519480515625 0.3928571421875 0.0178571421875 0.44318181875 0.009740259375000001 0.46753246718749997 0.0081168828125 0.5 0.021103896875 0.5470779218749999 0.050324675 0.5892857140625 0.0925324671875 0.6136363640625 0.1509740265625 0.61850649375 0.17207792187499998 0.6120129875 0.2142857140625 0.5892857140625 0.2483766234375 0.5470779218749999 0.2548701296875 0.5113636359375 0.2483766234375 0.43668831093750005 0.2110389609375 0.3896103890625 0.16720779218749998 0.3620129875
1 0.1834415578125 0.5308441562499999 0.19967532500000001 0.5243506499999999 0.20616883125 0.5129870125 0.2077922078125 0.48538961093750005 0.196428571875 0.46915584375 0.152597403125 0.46753246718749997 0.1363636359375 0.48538961093750005 0.1363636359375 0.5081168828125 0.15909090937499998 0.5308441562499999 0.1834415578125 0.5308441562499999
0 0.5535714281249999 0.39772727343750003 0.5081168828125 0.3831168828125 0.45616883125 0.38149350625 0.422077921875 0.3896103890625 0.378246753125 0.43181818125 0.365259740625 0.47077922031249997 0.3636363640625 0.5129870125 0.3831168828125 0.5681818187500001 0.42370129843750004 0.6071428578125 0.465909090625 0.621753246875 0.496753246875 0.6233766234375 0.5227272734375 0.6168831171875 0.5665584421875 0.5941558437500001 0.5974025968750001 0.5649350656250001 0.6201298703125 0.5275974031249999 0.621753246875 0.47889610312500003 0.6103896109375 0.44318181875 0.5535714281249999 0.39772727343750003
1 0.5 0.5113636359375 0.5016233765625 0.47402597343749997 0.48863636406250005 0.4626623375 0.459415584375 0.46103896093749996 0.43831168906249995 0.47077922031249997 0.435064934375 0.50649350625 0.45129870156249996 0.5243506499999999 0.47727272656249997 0.5243506499999999 0.5 0.5113636359375
0 0.2012987015625 0.7370129875 0.1542207796875 0.7224025968750001 0.0990259734375 0.7240259734375 0.0584415578125 0.7418831171875 0.025974026562500002 0.7759740265625 0.0048701296875000005 0.8295454546875 0.0048701296875000005 0.86850649375 0.021103896875 0.9090909093749999 0.0584415578125 0.949675325 0.1103896109375 0.9707792203125001 0.152597403125 0.9707792203125001 0.196428571875 0.9577922078125001 0.2418831171875 0.925324675 0.271103896875 0.8782467531249999 0.27759740312500003 0.8474025968750001 0.271103896875 0.8051948046874999 0.2483766234375 0.7711038968749999 0.2012987015625 0.7370129875
1 0.08766233749999999 0.8668831171875 0.0892857140625 0.85064935 0.08279220781249999 0.8425324671875 0.06818181875 0.8392857140625001 0.0551948046875 0.8457792203125001 0.0519480515625 0.8603896109375 0.061688310937500004 0.8733766234375 0.074675325 0.875 0.08766233749999999 0.8668831171875
1 0.15584415625 0.8084415578125 0.16071428593749998 0.8327922078125001 0.1866883109375 0.824675325 0.189935065625 0.8100649343749999 0.1834415578125 0.8035714281249999 0.16720779218749998 0.800324675 0.15584415625 0.8084415578125
0 0.5178571421875 0.7207792203125 0.48863636406250005 0.7175324671875 0.42370129843750004 0.7256493500000001 0.3766233765625 0.7678571421875 0.35551948125 0.8230519484375 0.35551948125 0.8717532468750001 0.378246753125 0.9237012984374999 0.425324675 0.9659090906250001 0.44155844218749996 0.9707792203125001 0.50649350625 0.9724025968750001 0.5405844156249999 0.9610389609375 0.5795454546875 0.925324675 0.60551948125 0.86850649375 0.6038961031250001 0.8116883109374999 0.5827922078125 0.7646103890625 0.5405844156249999 0.7272727265625 0.5178571421875 0.7207792203125
1 0.5389610390625 0.8409090906250001 0.5438311687499999 0.8084415578125 0.5275974031249999 0.7873376624999999 0.49837662343750005 0.7808441562499999 0.47564935 0.7938311687499999 0.46915584375 0.8230519484375 0.48214285781250005 0.8474025968750001 0.5129870125 0.8522727265625001 0.5389610390625 0.8409090906250001
0 0.8620129875 0.7240259734375 0.7987012984375 0.7224025968750001 0.759740259375 0.7386363640625 0.7224025968750001 0.7759740265625 0.7094155843750001 0.8165584421875 0.7077922078125 0.8571428578125 0.7175324671875 0.9025974031249999 0.7581168828125 0.9529220781250001 0.7905844156249999 0.9707792203125001 0.85064935 0.9740259734375 0.9025974031249999 0.9626623375 0.9545454546875 0.9220779218749999 0.97564935 0.8766233765625 0.97564935 0.8279220781250001 0.9626623375 0.7938311687499999 0.9139610390625 0.7483766234375 0.8620129875 0.7240259734375
1 0.8733766234375 0.8360389609375 0.8701298703125 0.8084415578125 0.8490259734375 0.7922077921875 0.81818181875 0.7922077921875 0.7938311687499999 0.8116883109374999 0.7970779218749999 0.8474025968750001 0.8262987015625001 0.8652597406250001 0.8490259734375 0.8636363640625 0.8733766234375 0.8360389609375
0 0.8100649343749999 0.3798701296875 0.75649350625 0.3928571421875 0.7175324671875 0.435064934375 0.7061688312500001 0.47727272656249997 0.7126623375000001 0.5503246749999999 0.7418831171875 0.5892857140625 0.7889610390625 0.61850649375 0.8360389609375 0.621753246875 0.8652597406250001 0.615259740625 0.90584415625 0.5892857140625 0.9383116890625001 0.5438311687499999 0.9464285718750001 0.5016233765625 0.9383116890625001 0.45616883125 0.9042207796874999 0.409090909375 0.8587662343750001 0.384740259375 0.8100649343749999 0.3798701296875
1 0.7840909093749999 0.449675325 0.7840909093749999 0.47564935 0.800324675 0.48538961093750005 0.8165584421875 0.46915584375 0.8149350656250001 0.449675325 0.7970779218749999 0.44155844218749996 0.7840909093749999 0.449675325