0 0.138263665625 0.0273311890625 0.091639871875 0.04180064375 0.0578778140625 0.0723472671875 0.032154340625 0.1302250796875 0.032154340625 0.173633440625 0.0546623796875 0.22186495156250002 0.091639871875 0.262057878125 0.131832796875 0.279742765625 0.18810289375 0.279742765625 0.2282958203125 0.262057878125 0.2717041796875 0.20578778125000002 0.2781350484375 0.1752411578125 0.2717041796875 0.1045016078125 0.24115755625 0.0627009640625 0.1897106109375 0.032154340625 0.138263665625 0.0273311890625
1 0.1897106109375 0.1832797421875 0.2009646296875 0.1607717046875 0.1929260453125 0.1334405140625 0.1720257234375 0.1254019296875 0.149517684375 0.1334405140625 0.1430868171875 0.1463022515625 0.1479099671875 0.181672025 0.1655948546875 0.1864951765625 0.1897106109375 0.1832797421875
0 0.5305466234375 0.0176848875 0.4823151125 0.0176848875 0.4453376203125 0.030546623437499996 0.403536978125 0.0659163984375 0.3810289390625 0.1286173640625 0.385852090625 0.191318328125 0.40514469531249997 0.2315112546875 0.44051446875 0.2636655953125 0.4823151125 0.27652733125 0.52893890625 0.2749196140625 0.567524115625 0.25884244375 0.6012861734375 0.2250803859375 0.6254019296875 0.1639871375 0.620578778125 0.1157556265625 0.59967845625 0.0659163984375 0.556270096875 0.025723473437499998 0.5305466234375 0.0176848875
1 0.49678456562499995 0.1366559484375 0.5192926046874999 0.1286173640625 0.532154340625 0.106109325 0.52893890625 0.0803858515625 0.5160771703125 0.06430868125 0.485530546875 0.0627009640625 0.46463022499999995 0.0868167203125 0.4630225078125 0.1077170421875 0.485530546875 0.1334405140625 0.49678456562499995 0.1366559484375
1 0.585209003125 0.114147909375 0.56430868125 0.11093247656250001 0.5482315109375 0.1286173640625 0.54662379375 0.1463022515625 0.561093246875 0.167202571875 0.5900321546875 0.1655948546875 0.5980707390625 0.1334405140625 0.585209003125 0.114147909375
0 0.885852090625 0.0192926046875 0.832797428125 0.0176848875 0.79421221875 0.02893890625 0.7427652734375 0.078778134375 0.726688103125 0.1221864953125 0.7250803859375 0.17041800625 0.7315112546875 0.2041800640625 0.7636655953125 0.24919614218750002 0.8086816718750001 0.273311896875 0.8649517687499999 0.2749196140625 0.9115755625 0.2572347265625 0.9469453375000001 0.2170418 0.964630225 0.1752411578125 0.9630225078124999 0.11897106093750001 0.9469453375000001 0.0803858515625 0.9196141484375 0.0450160765625 0.885852090625 0.0192926046875
1 0.850482315625 0.1286173640625 0.8488745984375001 0.106109325 0.8311897109374999 0.0948553046875 0.81189710625 0.09967845625 0.802250803125 0.1125401921875 0.802250803125 0.1286173640625 0.8102893890624999 0.1414791 0.8360128625 0.1430868171875 0.850482315625 0.1286173640625
0 0.191318328125 0.3633440515625 0.1430868171875 0.3633440515625 0.07717041875 0.393890675 0.043408359375 0.44372990312500005 0.035369775 0.467845659375 0.0337620578125 0.5 0.046623793749999996 0.54662379375 0.0755627015625 0.5884244375 0.11736334374999999 0.6125401921875 0.1752411578125 0.61736334375 0.1961414796875 0.6109324765624999 0.23794212187500002 0.5884244375 0.2717041796875 0.54662379375 0.2781350484375 0.51125401875 0.2717041796875 0.43729903593749997 0.23472668749999998 0.390675240625 0.191318328125 0.3633440515625
1 0.2073954984375 0.5305466234375 0.22347266875 0.52411575625 0.22990353749999998 0.5128617359375001 0.2315112546875 0.485530546875 0.220257234375 0.46945337656249997 0.176848875 0.467845659375 0.1607717046875 0.485530546875 0.1607717046875 0.5080385859375001 0.1832797421875 0.5305466234375 0.2073954984375 0.5305466234375
0 0.573954984375 0.3987138265625 0.52893890625 0.3842443734375 0.4774919609375 0.38263665625 0.44372990312500005 0.390675240625 0.40032154374999995 0.43247588437499995 0.3874598078125 0.47106109375000005 0.385852090625 0.5128617359375001 0.40514469531249997 0.567524115625 0.4453376203125 0.606109325 0.4871382640625 0.620578778125 0.5176848875 0.6221864953125 0.543408359375 0.6157556265624999 0.5868167203125 0.5932475890625 0.61736334375 0.56430868125 0.6398713828125 0.5273311890625 0.6414791 0.479099678125 0.6302250796875 0.44372990312500005 0.573954984375 0.3987138265625
1 0.520900321875 0.51125401875 0.5225080390625 0.47427652656249997 0.5096463015625 0.4630225078125 0.4807073953125 0.461414790625 0.4598070734375 0.47106109375000005 0.456591640625 0.50643086875 0.4726688109375 0.52411575625 0.49839228281250003 0.52411575625 0.520900321875 0.51125401875
0 0.2250803859375 0.7347266875 0.1784565921875 0.720257234375 0.1237942125 0.7218649515625 0.0836012859375 0.7395498390624999 0.051446945312500006 0.773311896875 0.030546623437499996 0.826366559375 0.030546623437499996 0.8649517687499999 0.046623793749999996 0.9051446953125 0.0836012859375 0.9453376203125 0.13504823125 0.9662379421875 0.176848875 0.9662379421875 0.220257234375 0.95337620625 0.2652733125 0.921221865625 0.29421221875 0.8745980703124999 0.3006430875 0.8440514468750001 0.29421221875 0.802250803125 0.2717041796875 0.7684887453125 0.2250803859375 0.7347266875
1 0.1125401921875 0.8633440515625 0.114147909375 0.84726688125 0.1077170421875 0.8392282953124999 0.0932475890625 0.8360128625 0.0803858515625 0.8424437296875 0.07717041875 0.8569131828125001 0.0868167203125 0.8697749203124999 0.09967845625 0.8713826359375 0.1125401921875 0.8633440515625
1 0.180064309375 0.8054662374999999 0.184887459375 0.82958199375 0.2106109328125 0.8215434078125 0.21382636718749998 0.8070739546875 0.2073954984375 0.8006430874999999 0.191318328125 0.797427653125 0.180064309375 0.8054662374999999
0 0.538585209375 0.7186495171875 0.5096463015625 0.715434084375 0.4453376203125 0.72347266875 0.3987138265625 0.7652733125 0.3778135046875 0.8199356906249999 0.3778135046875 0.8681672031250001 0.40032154374999995 0.9196141484375 0.4469453375 0.961414790625 0.4630225078125 0.9662379421875 0.5273311890625 0.9678456593749999 0.561093246875 0.956591640625 0.59967845625 0.921221865625 0.6254019296875 0.8649517687499999 0.6237942125 0.8086816718750001 0.602893890625 0.762057878125 0.561093246875 0.7250803859375 0.538585209375 0.7186495171875
1 0.55948553125 0.837620578125 0.56430868125 0.8054662374999999 0.5482315109375 0.784565915625 0.5192926046874999 0.7781350484375 0.49678456562499995 0.790996784375 0.4903536984375 0.8199356906249999 0.503215434375 0.8440514468750001 0.5337620578125 0.8488745984375001 0.55948553125 0.837620578125
0 0.8794212218749999 0.7218649515625 0.8167202578125 0.720257234375 0.7781350484375 0.7363344046875 0.74115755625 0.773311896875 0.7282958203125001 0.8135048234375001 0.726688103125 0.8536977484375001 0.7363344046875 0.8987138265624999 0.77652733125 0.9485530546875 0.8086816718750001 0.9662379421875 0.8681672031250001 0.9694533765625 0.9196141484375 0.95819935625 0.97106109375 0.91800643125 0.9919614140625 0.8729903531250001 0.9919614140625 0.8247588421875 0.979099678125 0.790996784375 0.9308681671875 0.7459807078125 0.8794212218749999 0.7218649515625
1 0.890675240625 0.832797428125 0.8874598078125 0.8054662374999999 0.8665594859375 0.7893890671875 0.8360128625 0.7893890671875 0.81189710625 0.8086816718750001 0.8151125406249999 0.8440514468750001 0.8440514468750001 0.861736334375 0.8665594859375 0.8601286171875 0.890675240625 0.832797428125
0 0.8279742765625 0.3810289390625 0.7749196140625 0.393890675 0.7363344046875 0.43569131875 0.7250803859375 0.4774919609375 0.7315112546875 0.549839228125 0.7604501609375001 0.5884244375 0.8070739546875 0.61736334375 0.8536977484375001 0.620578778125 0.8826366562500001 0.614147909375 0.92282958125 0.5884244375 0.9549839234374999 0.543408359375 0.9630225078124999 0.5016077171875 0.9549839234374999 0.456591640625 0.921221865625 0.40996784531249997 0.8762057875 0.385852090625 0.8279742765625 0.3810289390625
1 0.802250803125 0.450160771875 0.802250803125 0.47588424375000005 0.8183279750000001 0.485530546875 0.8344051453124999 0.46945337656249997 0.832797428125 0.450160771875 0.8151125406249999 0.44212218593749997 0.802250803125 0.450160771875