1 0.33389830468750004 0.2491525421875 0.3525423734375 0.24406779687500002 0.3677966109375 0.22881355937499998 0.371186440625 0.21355932187499999 0.35593220312499996 0.17796610156249998 0.3203389828125 0.1677966109375 0.3 0.18813559375 0.29830508437500003 0.2152542375 0.316949153125 0.24406779687500002 0.33389830468750004 0.2491525421875
1 0.29661016875 0.198305084375 0.2949152546875 0.18474576250000002 0.2847457625 0.1762711859375 0.269491525 0.17796610156249998 0.2627118640625 0.1898305078125 0.2610169484375 0.198305084375 0.27288135625 0.21186440625 0.286440678125 0.2101694921875 0.29661016875 0.198305084375
1 0.23220338906250002 0.32711864375 0.225423728125 0.33389830468750004 0.22881355937499998 0.3491525421875 0.2508474578125 0.3542372875 0.26779661093749996 0.3474576265625 0.2661016953125 0.32711864375 0.23220338906250002 0.32711864375
1 0.359322034375 0.27966101718749997 0.35762711875000003 0.2915254234375 0.3677966109375 0.30677966093750003 0.386440678125 0.301694915625 0.38474576250000003 0.27288135625 0.37288135625 0.269491525 0.359322034375 0.27966101718749997
1 0.40677966093749995 0.4796610171875 0.39661016875 0.4661016953125 0.3644067796875 0.4661016953125 0.35762711875000003 0.4932203390625 0.36949152500000004 0.5101694921875 0.38474576250000003 0.5135593218750001 0.4050847453125 0.501694915625 0.40677966093749995 0.4796610171875
1 0.44406779687500003 0.3762711859375 0.4491525421875 0.344067796875 0.43898305156250006 0.3355932203125 0.4186440671875 0.33389830468750004 0.401694915625 0.3491525421875 0.401694915625 0.36949152500000004 0.4101694921875 0.3813559328125 0.430508475 0.38474576250000003 0.44406779687500003 0.3762711859375
1 0.4 0.9457627125 0.4 0.9203389828124999 0.38474576250000003 0.9101694921875 0.35762711875000003 0.9101694921875 0.34067796562499997 0.9271186437500001 0.34237288125 0.9474576265625 0.35762711875000003 0.959322034375 0.3779661015625 0.9610169484375 0.4 0.9457627125
1 0.7338983046875 0.6135593218750001 0.7474576265625 0.6084745765624999 0.7627118640624999 0.5898305078125 0.7644067796875 0.555932203125 0.740677965625 0.530508475 0.7067796609375 0.530508475 0.6847457625 0.5525423734375 0.6813559328125 0.583050846875 0.698305084375 0.6067796609375 0.7338983046875 0.6135593218750001
1 0.728813559375 0.33898305156249997 0.7525423734375 0.34067796562499997 0.7762711859375 0.33050847499999997 0.7932203390625 0.2949152546875 0.7779661015625 0.2457627125 0.759322034375 0.23220338906250002 0.7372881359375001 0.230508475 0.713559321875 0.24237288124999998 0.701694915625 0.2627118640625 0.7084745765625 0.3152542375 0.728813559375 0.33898305156249997
1 0.6661016953125001 0.7389830515625 0.6644067796875001 0.7661016953125 0.6779661015625 0.7915254234375 0.7186440671875001 0.7813559328124999 0.74237288125 0.7932203390625 0.75762711875 0.7779661015625 0.7677966109375001 0.7525423734375 0.759322034375 0.7169491531250001 0.744067796875 0.701694915625 0.725423728125 0.6949152546875 0.7101694921874999 0.6949152546875 0.6762711859375 0.7169491531250001 0.6661016953125001 0.7389830515625
1 0.7322033890624999 0.9101694921875 0.7322033890624999 0.8932203390625 0.7203389828125 0.8796610171875001 0.701694915625 0.8779661015625001 0.68813559375 0.8949152546875 0.686440678125 0.91186440625 0.7 0.9237288140625 0.7203389828125 0.9220338984374999 0.7322033890624999 0.9101694921875
1 0.786440678125 0.8084745765625 0.774576271875 0.7898305078125001 0.7457627125 0.7949152546875 0.74237288125 0.81186440625 0.7508474578125 0.8338983046875 0.759322034375 0.8389830515625001 0.7813559328124999 0.8288135593750001 0.786440678125 0.8084745765625
1 0.8050847453125 0.67288135625 0.798305084375 0.6813559328125 0.801694915625 0.6949152546875 0.8084745765625 0.7 0.8237288140624999 0.69661016875 0.8254237281249999 0.6796610171874999 0.8050847453125 0.67288135625
1 0.7915254234375 0.6644067796875001 0.7881355937500001 0.683050846875 0.8 0.6677966109375 0.7915254234375 0.6644067796875001
1 0.38813559375 0.79661016875 0.3949152546875 0.7898305078125001 0.39152542343749996 0.7762711859375 0.3762711859375 0.7813559328124999 0.3779661015625 0.7949152546875 0.38813559375 0.79661016875