1 0.3732638890625 0.18402777812499999 0.3923611109375 0.17881944375 0.4079861109375 0.16319444375 0.4114583328125 0.14756944375 0.3958333328125 0.1111111109375 0.359375 0.10069444375 0.3385416671875 0.121527778125 0.33680555624999997 0.14930555625 0.35590277812500004 0.17881944375 0.3732638890625 0.18402777812499999
1 0.33506944375000003 0.13194444375 0.3333333328125 0.11805555625 0.3229166671875 0.109375 0.3072916671875 0.1111111109375 0.30034722187499996 0.1232638890625 0.2986111109375 0.13194444375 0.3107638890625 0.1458333328125 0.32465277812500004 0.14409722187500001 0.33506944375000003 0.13194444375
1 0.26909722187499996 0.2638888890625 0.26215277812500004 0.2708333328125 0.265625 0.2864583328125 0.28819444375000003 0.2916666671875 0.30555555624999997 0.28472222187499996 0.30381944375000003 0.2638888890625 0.26909722187499996 0.2638888890625
1 0.39930555624999997 0.215277778125 0.39756944375000003 0.22743055625 0.4079861109375 0.24305555625 0.4270833328125 0.237847221875 0.42534722187499996 0.20833333281250002 0.41319444375 0.20486111093749998 0.39930555624999997 0.215277778125
1 0.4479166671875 0.4201388890625 0.4375 0.40625 0.4045138890625 0.40625 0.39756944375000003 0.43402777812500004 0.40972222187499996 0.4513888890625 0.42534722187499996 0.4548611109375 0.44618055625 0.4427083328125 0.4479166671875 0.4201388890625
1 0.4861111109375 0.3142361109375 0.49131944375 0.28125 0.48090277812500004 0.27256944375000003 0.46006944375 0.2708333328125 0.4427083328125 0.2864583328125 0.4427083328125 0.3072916671875 0.4513888890625 0.31944444375000003 0.47222222187499996 0.3229166671875 0.4861111109375 0.3142361109375
1 0.44097222187499996 0.8975694437499999 0.44097222187499996 0.871527778125 0.42534722187499996 0.8611111109375 0.39756944375000003 0.8611111109375 0.3802083328125 0.878472221875 0.38194444375000003 0.8993055562500001 0.39756944375000003 0.9114583328125001 0.41840277812500004 0.9131944437499999 0.44097222187499996 0.8975694437499999
1 0.7829861109375 0.5572916671875 0.796875 0.5520833328125 0.8125 0.5329861109375 0.8142361109375 0.4982638890625 0.7899305562500001 0.47222222187499996 0.7552083328125 0.47222222187499996 0.7326388890625 0.4947916671875 0.7291666671875 0.5260416671875 0.746527778125 0.550347221875 0.7829861109375 0.5572916671875
1 0.777777778125 0.2760416671875 0.8020833328125001 0.27777777812500004 0.8263888890625 0.2673611109375 0.84375 0.230902778125 0.828125 0.18055555625 0.809027778125 0.1666666671875 0.7864583328125 0.16493055625 0.762152778125 0.1770833328125 0.75 0.1979166671875 0.7569444437499999 0.2517361109375 0.777777778125 0.2760416671875
1 0.7135416671875 0.6857638890625 0.7118055562500001 0.7135416671875 0.7256944437499999 0.7395833328125 0.7673611109375 0.7291666671875 0.7916666671875 0.7413194437499999 0.8072916671874999 0.7256944437499999 0.8177083328125001 0.699652778125 0.809027778125 0.6631944437499999 0.793402778125 0.6475694437499999 0.7743055562500001 0.640625 0.7586805562500001 0.640625 0.7239583328125 0.6631944437499999 0.7135416671875 0.6857638890625
1 0.78125 0.8611111109375 0.78125 0.84375 0.769097221875 0.8298611109375 0.75 0.828125 0.7361111109375 0.8454861109375 0.734375 0.862847221875 0.7482638890625 0.875 0.769097221875 0.8732638890625 0.78125 0.8611111109375
1 0.8368055562500001 0.7569444437499999 0.824652778125 0.737847221875 0.7951388890625 0.7430555562500001 0.7916666671875 0.7604166671875 0.800347221875 0.7829861109375 0.809027778125 0.7881944437499999 0.831597221875 0.777777778125 0.8368055562500001 0.7569444437499999
1 0.855902778125 0.6180555562500001 0.8489583328125001 0.6267361109375 0.8524305562500001 0.640625 0.859375 0.6458333328125 0.875 0.6423611109375 0.8767361109375 0.625 0.855902778125 0.6180555562500001
1 0.8420138890625 0.609375 0.8385416671874999 0.628472221875 0.8506944437499999 0.612847221875 0.8420138890625 0.609375
1 0.42881944375 0.7447916671875 0.4357638890625 0.737847221875 0.4322916671875 0.7239583328125 0.4166666671875 0.7291666671875 0.41840277812500004 0.7430555562500001 0.42881944375 0.7447916671875