1 0.3890625 0.2484375 0.403125 0.234375 0.40625 0.2203125 0.3921875 0.1875 0.359375 0.178125 0.340625 0.196875 0.3390625 0.221875 0.35625 0.2484375 0.371875 0.253125 0.3890625 0.2484375
1 0.3375 0.20625 0.3359375 0.19375 0.3265625 0.1859375 0.3125 0.1875 0.30625 0.1984375 0.3046875 0.20625 0.315625 0.21875 0.328125 0.2171875 0.3375 0.20625
1 0.3109375 0.34375 0.309375 0.325 0.278125 0.325 0.271875 0.33125 0.275 0.3453125 0.2953125 0.35 0.3109375 0.34375
1 0.41875 0.275 0.4078125 0.271875 0.3953125 0.28125 0.39375 0.2921875 0.403125 0.30625 0.4203125 0.3015625 0.41875 0.275
1 0.4375 0.4859375 0.4390625 0.465625 0.4296875 0.453125 0.4 0.453125 0.39375 0.478125 0.4046875 0.49375 0.41875 0.496875 0.4375 0.4859375
1 0.4734375 0.3703125 0.478125 0.340625 0.46875 0.3328125 0.45 0.33125 0.434375 0.3453125 0.434375 0.3640625 0.4421875 0.375 0.4609375 0.378125 0.4734375 0.3703125
1 0.4328125 0.8953125 0.4328125 0.871875 0.41875 0.8625 0.39375 0.8625 0.378125 0.878125 0.3796875 0.896875 0.39375 0.9078125 0.4125 0.909375 0.4328125 0.8953125
1 0.753125 0.584375 0.7671875 0.5671875 0.76875 0.5359375 0.746875 0.5125 0.715625 0.5125 0.6953125 0.5328125 0.6921875 0.5609375 0.7078125 0.5828125 0.740625 0.5890625 0.753125 0.584375
1 0.7796875 0.328125 0.7953125 0.2953125 0.78125 0.25 0.7640625 0.2375 0.74375 0.2359375 0.721875 0.246875 0.7109375 0.265625 0.7171875 0.3140625 0.7359375 0.3359375 0.7578125 0.3375 0.7796875 0.328125
1 0.7484375 0.7546875 0.7625 0.740625 0.771875 0.7171875 0.7640625 0.684375 0.75 0.6703125 0.7328125 0.6640625 0.71875 0.6640625 0.6875 0.684375 0.678125 0.7046875 0.6765625 0.7296875 0.6890625 0.753125 0.7265625 0.74375 0.7484375 0.7546875
1 0.7390625 0.8625 0.7390625 0.846875 0.728125 0.834375 0.7109375 0.8328125 0.6984375 0.8484375 0.696875 0.8640625 0.709375 0.875 0.728125 0.8734375 0.7390625 0.8625
1 0.784375 0.7875 0.7890625 0.76875 0.778125 0.7515625 0.7515625 0.75625 0.7484375 0.771875 0.75625 0.7921875 0.7640625 0.796875 0.784375 0.7875
1 0.8234375 0.665625 0.825 0.65 0.80625 0.64375 0.8 0.6515625 0.803125 0.6640625 0.809375 0.66875 0.8234375 0.665625
1 0.790625 0.653125 0.8015625 0.6390625 0.79375 0.6359375 0.790625 0.653125
1 0.425 0.7390625 0.4109375 0.74375 0.4125 0.75625 0.421875 0.7578125 0.428125 0.7515625 0.425 0.7390625