0 0.2492063484375 0.5825396828125 0.247619046875 0.7476190468749999 0.2492063484375 0.774603175 0.258730159375 0.7888888890625 0.27142857187499997 0.790476190625 0.290476190625 0.815873015625 0.315873015625 0.8111111109375001 0.3571428578125 0.8174603171875001 0.6492063484374999 0.8126984125 0.6920634921875 0.8238095234375 0.7571428578125 0.8079365078125 0.7857142859375 0.790476190625 0.796825396875 0.758730159375 0.79365079375 0.7460317453124999 0.80634920625 0.61904761875 0.80634920625 0.5047619046875 0.8015873015625001 0.425396825 0.7952380953125 0.41111111093749997 0.7984126984375 0.3619047625 0.7873015875 0.35873015937499997 0.7666666671875 0.3333333328125 0.7571428578125 0.33174603125 0.7238095234374999 0.3365079359375 0.690476190625 0.322222221875 0.3507936515625 0.322222221875 0.3325396828125 0.334920634375 0.2825396828125 0.3333333328125 0.26825396874999996 0.3428571421875 0.258730159375 0.3619047625 0.2571428578125 0.38412698437500004 0.2460317453125 0.396825396875 0.2492063484375 0.4174603171875 0.241269840625 0.4730158734375 0.2492063484375 0.5825396828125
1 0.6428571421875 0.465079365625 0.6079365078125 0.45238095312500004 0.603174603125 0.44444444375 0.6079365078125 0.4126984125 0.547619046875 0.40634920625 0.503174603125 0.4238095234375 0.4873015875 0.44126984062499996 0.477777778125 0.465079365625 0.477777778125 0.4857142859375 0.4888888890625 0.5111111109375 0.509523809375 0.528571428125 0.5396825390625 0.5396825390625 0.58095238125 0.5349206343749999 0.6142857140625 0.5126984125 0.63174603125 0.4920634921875 0.6428571421875 0.465079365625
1 0.44603174531249995 0.709523809375 0.47460317500000004 0.6952380953125 0.4984126984375 0.696825396875 0.515873015625 0.70634920625 0.547619046875 0.674603175 0.5666666671875 0.63174603125 0.5714285718750001 0.5873015875 0.5619047625 0.565079365625 0.5365079359375 0.54444444375 0.477777778125 0.522222221875 0.42222222187499997 0.5206349203125 0.36666666718749996 0.5349206343749999 0.334920634375 0.5571428578125001 0.3174603171875 0.5825396828125 0.3142857140625 0.6269841265625 0.322222221875 0.6492063484374999 0.35555555625 0.6920634921875 0.374603175 0.7047619046875 0.390476190625 0.7047619046875 0.4142857140625 0.7238095234374999 0.44126984062499996 0.7269841265625 0.44603174531249995 0.709523809375
1 0.6333333328124999 0.37619047656250004 0.6412698406249999 0.36984127031249997 0.6428571421875 0.3571428578125 0.6365079359375 0.3507936515625 0.622222221875 0.3507936515625 0.6126984125 0.3571428578125 0.6126984125 0.371428571875 0.6333333328124999 0.37619047656250004
1 0.6952380953125 0.5888888890625 0.7142857140625 0.590476190625 0.728571428125 0.584126984375 0.734920634375 0.558730159375 0.7269841265625 0.547619046875 0.70634920625 0.5428571421874999 0.690476190625 0.5492063484374999 0.6825396828125 0.5714285718750001 0.6952380953125 0.5888888890625
1 0.6761904765625 0.709523809375 0.71904761875 0.7142857140625 0.7476190468749999 0.6952380953125 0.7476190468749999 0.6571428578125 0.7206349203125 0.63174603125 0.68095238125 0.6333333328124999 0.6555555562500001 0.6571428578125 0.6539682546875001 0.684126984375 0.6761904765625 0.709523809375
1 0.6142857140625 0.7158730156249999 0.6333333328124999 0.7174603171875 0.6476190468749999 0.7 0.6460317453125 0.6873015875 0.6333333328124999 0.6777777781250001 0.6174603171874999 0.6777777781250001 0.60634920625 0.6857142859375001 0.603174603125 0.703174603125 0.6142857140625 0.7158730156249999
1 0.565079365625 0.7507936515625 0.5761904765625 0.758730159375 0.5888888890625 0.7523809531250001 0.5825396828125 0.7333333328125 0.565079365625 0.7380952375 0.565079365625 0.7507936515625
1 0.61904761875 0.796825396875 0.6428571421875 0.8015873015625001 0.6698412703125001 0.790476190625 0.671428571875 0.7793650796875 0.6555555562500001 0.7476190468749999 0.63174603125 0.7460317453124999 0.6111111109375 0.758730159375 0.6079365078125 0.7793650796875 0.61904761875 0.796825396875
1 0.29365079375 0.3730158734375 0.3 0.36666666718749996 0.2952380953125 0.352380953125 0.2873015875 0.34444444375 0.27142857187499997 0.347619046875 0.265079365625 0.36825396875 0.2793650796875 0.37619047656250004 0.29365079375 0.3730158734375
1 0.32380952343749997 0.46031746093750003 0.334920634375 0.4619047625 0.34444444375 0.45555555625000005 0.33809523750000003 0.44126984062499996 0.32063492031249996 0.44603174531249995 0.32380952343749997 0.46031746093750003
1 0.3174603171875 0.509523809375 0.341269840625 0.5142857140625 0.35555555625 0.5079365078125 0.35873015937499997 0.4873015875 0.3460317453125 0.47460317500000004 0.33015872968750004 0.4730158734375 0.3142857140625 0.48095238125 0.3111111109375 0.5 0.3174603171875 0.509523809375
1 0.40634920625 0.409523809375 0.4079365078125 0.4015873015625 0.396825396875 0.3825396828125 0.374603175 0.3873015875 0.36984127031249997 0.403174603125 0.377777778125 0.4142857140625 0.3984126984375 0.415873015625 0.40634920625 0.409523809375
1 0.41904761874999996 0.4571428578125 0.403174603125 0.45238095312500004 0.39365079375 0.46031746093750003 0.39365079375 0.4698412703125 0.409523809375 0.477777778125 0.4206349203125 0.4698412703125 0.41904761874999996 0.4571428578125
1 0.396825396875 0.503174603125 0.403174603125 0.4920634921875 0.3952380953125 0.48095238125 0.3793650796875 0.48095238125 0.371428571875 0.49047619062500003 0.374603175 0.5015873015625 0.38412698437500004 0.50634920625 0.396825396875 0.503174603125