0 0.24525316406250003 0.5854430374999999 0.2436708859375 0.75 0.24525316406250003 0.776898734375 0.25474683593749997 0.791139240625 0.2674050640625 0.79272151875 0.2863924046875 0.818037975 0.3117088609375 0.8132911390625001 0.3528481015625 0.819620253125 0.6439873421875 0.8148734171875001 0.6867088609375 0.8259493671874999 0.751582278125 0.8101265828124999 0.780063290625 0.79272151875 0.791139240625 0.7610759500000001 0.7879746828124999 0.748417721875 0.8006329109375001 0.62183544375 0.8006329109375001 0.5079113921875 0.7958860765625 0.42879746875 0.7895569625000001 0.4145569625 0.79272151875 0.36550632968749996 0.7816455703125 0.362341771875 0.7610759500000001 0.3370253171875 0.751582278125 0.33544303750000004 0.7183544296875 0.3401898734375 0.6851265828125 0.3259493671875 0.3465189875 0.3259493671875 0.328322784375 0.3386075953125 0.2784810125 0.3370253171875 0.26424050625 0.3465189875 0.25474683593749997 0.36550632968749996 0.25316455625 0.387658228125 0.24208860781250002 0.40031645625 0.24525316406250003 0.42088607656250004 0.237341771875 0.4762658234375 0.24525316406250003 0.5854430374999999
1 0.6376582281250001 0.46835442968749996 0.6028481015625 0.45569620312500003 0.598101265625 0.447784809375 0.6028481015625 0.416139240625 0.54272151875 0.4098101265625 0.498417721875 0.427215190625 0.48259493593749997 0.444620253125 0.473101265625 0.46835442968749996 0.473101265625 0.48892404999999994 0.48417721562500005 0.51424050625 0.5047468359375 0.5316455703125 0.5348101265625 0.54272151875 0.5759493671875 0.5379746828124999 0.609177215625 0.515822784375 0.626582278125 0.4952531640625 0.6376582281250001 0.46835442968749996
1 0.441455696875 0.7120253171875001 0.46993670937500004 0.697784809375 0.49367088593749997 0.6993670890625 0.5110759500000001 0.708860759375 0.54272151875 0.677215190625 0.5617088609375 0.6344936703124999 0.5664556968750001 0.5901898734375 0.556962025 0.568037975 0.5316455703125 0.5474683546875 0.473101265625 0.52531645625 0.41772151874999996 0.5237341765625 0.362341771875 0.5379746828124999 0.330696203125 0.5601265828125 0.3132911390625 0.5854430374999999 0.3101265828125 0.6297468359375 0.31803797500000003 0.651898734375 0.3512658234375 0.694620253125 0.37025316406250003 0.70727848125 0.38607595 0.70727848125 0.4098101265625 0.7262658234375 0.4367088609375 0.7294303796875 0.441455696875 0.7120253171875001
1 0.62816455625 0.37974683593749997 0.6360759500000001 0.373417721875 0.6376582281250001 0.36075949375 0.6313291140625 0.3544303796875 0.6170886078125 0.3544303796875 0.6075949359374999 0.36075949375 0.6075949359374999 0.375 0.62816455625 0.37974683593749997
1 0.6898734171875 0.5917721515625 0.708860759375 0.5933544296875 0.723101265625 0.5870253171875001 0.7294303796875 0.5617088609375 0.7215189875 0.5506329109375 0.7009493671875 0.5458860765625 0.6851265828125 0.552215190625 0.677215190625 0.5743670890625 0.6898734171875 0.5917721515625
1 0.6708860765625 0.7120253171875001 0.7136075953125001 0.7167721515625 0.7420886078125 0.697784809375 0.7420886078125 0.6598101265625 0.7151898734375 0.6344936703124999 0.6756329109375 0.6360759500000001 0.65031645625 0.6598101265625 0.6487341765625 0.6867088609375 0.6708860765625 0.7120253171875001
1 0.609177215625 0.7183544296875 0.62816455625 0.719936709375 0.6424050640625001 0.7025316453125 0.640822784375 0.6898734171875 0.62816455625 0.680379746875 0.6123417718749999 0.680379746875 0.6012658234375 0.6882911390625 0.598101265625 0.705696203125 0.609177215625 0.7183544296875
1 0.5601265828125 0.75316455625 0.57120253125 0.7610759500000001 0.583860759375 0.7547468359375 0.5775316453125 0.73575949375 0.5601265828125 0.7405063296875001 0.5601265828125 0.75316455625
1 0.6139240499999999 0.7990506328125 0.6376582281250001 0.80379746875 0.6645569625000001 0.79272151875 0.666139240625 0.7816455703125 0.65031645625 0.75 0.626582278125 0.748417721875 0.6060126578125 0.7610759500000001 0.6028481015625 0.7816455703125 0.6139240499999999 0.7990506328125
1 0.28955696249999996 0.376582278125 0.2958860765625 0.37025316406250003 0.291139240625 0.3560126578125 0.28322784843750004 0.348101265625 0.2674050640625 0.3512658234375 0.26107595 0.37183544375 0.27531645625 0.37974683593749997 0.28955696249999996 0.376582278125
1 0.319620253125 0.4636075953125 0.330696203125 0.4651898734375 0.3401898734375 0.458860759375 0.333860759375 0.444620253125 0.31645569687499997 0.4493670890625 0.319620253125 0.4636075953125
1 0.3132911390625 0.5126582281250001 0.3370253171875 0.5174050640625001 0.3512658234375 0.5110759500000001 0.3544303796875 0.4905063296875 0.34177215156249996 0.4778481015625 0.3259493671875 0.4762658234375 0.3101265828125 0.48417721562500005 0.30696202499999997 0.50316455625 0.3132911390625 0.5126582281250001
1 0.401898734375 0.41297468281249994 0.4034810125 0.40506329062499996 0.3924050640625 0.38607595 0.37025316406250003 0.390822784375 0.36550632968749996 0.40664557031250004 0.373417721875 0.41772151874999996 0.3939873421875 0.41930379687499997 0.401898734375 0.41297468281249994
1 0.4145569625 0.4604430375 0.3987341765625 0.45569620312500003 0.38924050625 0.4636075953125 0.38924050625 0.473101265625 0.40506329062499996 0.48101265781249997 0.416139240625 0.473101265625 0.4145569625 0.4604430375
1 0.3924050640625 0.5063291140625 0.3987341765625 0.4952531640625 0.390822784375 0.48417721562500005 0.375 0.48417721562500005 0.3670886078125 0.49367088593749997 0.37025316406250003 0.5047468359375 0.37974683593749997 0.5094936703124999 0.3924050640625 0.5063291140625