0 1 0.17576791875 0 0.17576791875 0 0.9077312109375001 1 0.90615143125 1 0.17576791875
0 1 0.175759740625 0 0.1741622953125 0 0.9077387734375 1 0.9061514703125001 1 0.175759740625
0 1 0.17065858125 0.141638225 0.17235494843750002 0 0.1735352671875 0 0.908755740625 0.064846415625 0.9095563140625 1 0.9078591218750001 1 0.17065858125
1 1 0.1723900140625 0.25767918125 0.177474403125 0 0.171516503125 0 0.9078498296875 1 0.9078498296875 1 0.1723900140625
1 1 0.1706760375 0.0546075078125 0.17576791875 0 0.1728938375 0 0.9077387734375 1 0.9061514703125001 1 0.1706760375
1 1 0.17237122656249998 0 0.17555087656249999 0 0.9078498296875 1 0.9078498296875 1 0.17237122656249998
1 0.12116040937500001 0.7815699656249999 0.158703071875 0.796928328125 0.2337883953125 0.7935153578125 0.284982934375 0.7764505125000001 0.3122866890625 0.75767918125 0.3549488046875 0.677474403125 0.3549488046875 0.621160409375 0.322525596875 0.6040955625 0.2696245734375 0.6040955625 0.1928327640625 0.6655290109374999 0.12286689375 0.6877133109375 0.1040955625 0.7116040953125 0.1040955625 0.75767918125 0.12116040937500001 0.7815699656249999
1 0.18771331093750002 0.6450511953125 0.24232081875000003 0.6075085328125 0.2508532421875 0.5921501703125001 0.2508532421875 0.5682593859375 0.24232081875000003 0.5529010234375 0.218430034375 0.542662115625 0.1911262796875 0.5443686 0.18088737187499998 0.5511945390624999 0.13310580156250001 0.6109215015625 0.13310580156250001 0.6331058015625 0.1501706484375 0.6450511953125 0.18771331093750002 0.6450511953125
1 0.21160409531250002 0.5068259390625001 0.2337883953125 0.520477815625 0.28156996562500003 0.5324232078125 0.30204778125 0.5341296921875001 0.3856655296875 0.5153583625 0.4078498296875 0.5051194546875 0.4095563140625 0.4931740609375 0.37372013593750003 0.4539249140625 0.3532423203125 0.41808873750000003 0.29692832812500003 0.39078498281249996 0.2713310578125 0.39078498281249996 0.24402730312499998 0.40614334531249996 0.221843003125 0.43344709843749996 0.2098976109375 0.4675767921875 0.21160409531250002 0.5068259390625001
1 0.45733788437499995 0.6331058015625 0.41808873750000003 0.6279863484375 0.39078498281249996 0.639931740625 0.3924914671875 0.6689419796875 0.4129692828125 0.680887371875 0.4300341296875 0.684300340625 0.45904436875 0.6689419796875 0.4658703078125 0.6467576796875 0.45733788437499995 0.6331058015625
1 0.4692832765625 0.6040955625 0.4880546078125 0.5870307171875 0.48976109218749997 0.5511945390624999 0.44368600625 0.5290102390625 0.397610921875 0.5307167234375 0.37542662187500003 0.5529010234375 0.363481228125 0.5853242328125 0.378839590625 0.6058020484375 0.38907849843750003 0.6092150171874999 0.43686006875 0.6126279859375 0.4692832765625 0.6040955625
1 0.1450511953125 0.48464163750000006 0.17235494843750002 0.48464163750000006 0.177474403125 0.476109215625 0.1740614328125 0.46245733749999995 0.141638225 0.46245733749999995 0.13822525624999998 0.476109215625 0.1450511953125 0.48464163750000006
1 0.1791808875 0.4129692828125 0.1569965875 0.397610921875 0.11604095625 0.402730375 0.1040955625 0.42832764531249995 0.1279863484375 0.4488054609375 0.14846416406250001 0.4488054609375 0.17235494843750002 0.438566553125 0.18088737187499998 0.4266211609375 0.1791808875 0.4129692828125
1 0.1040955625 0.520477815625 0.12286689375 0.523890784375 0.1296928328125 0.5085324234375 0.1058020484375 0.50341296875 0.1040955625 0.520477815625
1 0.49658703125 0.48122866875000003 0.48464163750000006 0.4675767921875 0.45733788437499995 0.464163821875 0.43686006875 0.476109215625 0.43515358437499996 0.4948805453125 0.4402730375 0.5051194546875 0.4539249140625 0.5102389078125 0.4692832765625 0.5119453921875 0.4948805453125 0.5 0.49658703125 0.48122866875000003
1 0.45051194531250005 0.43686006875 0.4880546078125 0.424914675 0.48976109218749997 0.4078498296875 0.4692832765625 0.37372013593750003 0.4402730375 0.3430034125 0.42320819062500004 0.337883959375 0.39078498281249996 0.341296928125 0.36006825937500003 0.3651877140625 0.356655290625 0.382252559375 0.363481228125 0.39931740625 0.402730375 0.43515358437499996 0.45051194531250005 0.43686006875
1 0.2883959046875 0.3686006828125 0.315699659375 0.3668941984375 0.3208191125 0.34812286718749996 0.3105802046875 0.33959044375 0.284982934375 0.3430034125 0.278156996875 0.36006825937500003 0.2883959046875 0.3686006828125
1 0.21160409531250002 0.3344709890625 0.1791808875 0.33959044375 0.17235494843750002 0.3464163828125 0.17235494843750002 0.3651877140625 0.184300340625 0.37542662187500003 0.2235494875 0.37372013593750003 0.23549488125 0.36177474374999996 0.237201365625 0.3498293515625 0.21160409531250002 0.3344709890625
1 0.16040955625 0.2935153578125 0.13822525624999998 0.2918088734375 0.1348122859375 0.300341296875 0.139931740625 0.30546075156249997 0.158703071875 0.30546075156249997 0.16040955625 0.2935153578125
1 0.27474402656249997 0.30546075156249997 0.2662116046875 0.3139931734375 0.2696245734375 0.3310580203125 0.30546075156249997 0.3276450515625 0.3122866890625 0.31740614375 0.30546075156249997 0.300341296875 0.284982934375 0.2986348125 0.27474402656249997 0.30546075156249997
1 0.542662115625 0.7252559734374999 0.5443686 0.699658703125 0.5153583625 0.680887371875 0.4692832765625 0.6791808875 0.4488054609375 0.70477815625 0.4488054609375 0.7235494874999999 0.46075085312499997 0.73890785 0.48634812343749995 0.7457337890625 0.523890784375 0.740614334375 0.542662115625 0.7252559734374999
1 0.5938566546875 0.80204778125 0.6262798640625 0.8071672359375001 0.6655290109374999 0.796928328125 0.69795221875 0.7747440265625001 0.7098976109375 0.7491467578125001 0.7098976109375 0.69795221875 0.68259385625 0.6518771328125 0.662116040625 0.6348122859374999 0.60068259375 0.6348122859374999 0.5682593859375 0.658703071875 0.5665529015625 0.7764505125000001 0.5802047781249999 0.79522184375 0.5938566546875 0.80204778125
1 0.5324232078125 0.4300341296875 0.564846415625 0.4658703078125 0.6143344703125 0.4880546078125 0.662116040625 0.48976109218749997 0.7133105796875 0.4692832765625 0.7303754265625 0.45051194531250005 0.73549488125 0.43344709843749996 0.7269624578125 0.382252559375 0.699658703125 0.36006825937500003 0.6040955625 0.3464163828125 0.5665529015625 0.3464163828125 0.51877133125 0.358361775 0.5051194546875 0.37372013593750003 0.5051194546875 0.38395904375 0.5324232078125 0.4300341296875
1 0.416382253125 0.8668941984374999 0.4078498296875 0.858361775 0.3924914671875 0.8668941984374999 0.39078498281249996 0.9010238906250001 0.4146757671875 0.902730375 0.416382253125 0.8668941984374999
1 0.441979521875 0.902730375 0.4726962453125 0.9010238906250001 0.4709897609375 0.8686006828125 0.43344709843749996 0.8686006828125 0.441979521875 0.880546075 0.43686006875 0.8924914671874999 0.441979521875 0.902730375
1 0.416382253125 0.75767918125 0.4129692828125 0.740614334375 0.401023890625 0.7303754265625 0.3686006828125 0.7303754265625 0.356655290625 0.74232081875 0.3549488046875 0.7542662109375 0.37372013593750003 0.7713310578125 0.3941979515625 0.7747440265625001 0.4112627984375 0.76450511875 0.416382253125 0.75767918125
1 0.5870307171875 0.57849829375 0.5733788390625 0.5597269625 0.5324232078125 0.5529010234375 0.5102389078125 0.5665529015625 0.5051194546875 0.57849829375 0.5102389078125 0.6023890781250001 0.539249146875 0.617747440625 0.561433446875 0.61604095625 0.5853242328125 0.597269625 0.5870307171875 0.57849829375
1 0.6279863484375 0.5699658703125 0.6279863484375 0.5904436859375 0.636518771875 0.597269625 0.662116040625 0.598976109375 0.67576791875 0.5853242328125 0.67576791875 0.5699658703125 0.658703071875 0.5597269625 0.6279863484375 0.5699658703125
1 0.5921501703125001 0.5051194546875 0.57849829375 0.48634812343749995 0.561433446875 0.47952218437500005 0.539249146875 0.482935153125 0.539249146875 0.520477815625 0.520477815625 0.5273037546875 0.54095563125 0.5375426625 0.5682593859375 0.539249146875 0.5870307171875 0.5307167234375 0.5921501703125001 0.5051194546875
1 0.51877133125 0.49658703125 0.5324232078125 0.49658703125 0.5221842999999999 0.49146757656249995 0.51877133125 0.49658703125
1 0.7747440265625001 0.7474402734375001 0.8208191125000001 0.7474402734375001 0.844709896875 0.73549488125 0.858361775 0.715017065625 0.8464163828125001 0.680887371875 0.8242320812499999 0.6638225249999999 0.7986348125 0.658703071875 0.7713310578125 0.662116040625 0.74232081875 0.6791808875 0.7337883953125 0.6911262796875 0.7337883953125 0.7081911265625 0.7474402734375001 0.7303754265625 0.7747440265625001 0.7474402734375001
1 0.796928328125 0.619453925 0.80204778125 0.595563140625 0.7781569968750001 0.575085325 0.7098976109375 0.575085325 0.6928327640624999 0.595563140625 0.6928327640624999 0.6075085328125 0.7081911265625 0.6279863484375 0.7303754265625 0.639931740625 0.7730375421875 0.636518771875 0.796928328125 0.619453925
1 0.7866894203125 0.55631399375 0.8208191125000001 0.539249146875 0.8293515359375 0.5068259390625001 0.8259385671875 0.48464163750000006 0.815699659375 0.4744027296875 0.7815699656249999 0.4675767921875 0.7064846421875 0.48976109218749997 0.6791808875 0.517064846875 0.6791808875 0.5307167234375 0.6945392484374999 0.5511945390624999 0.7218430031249999 0.5597269625 0.7866894203125 0.55631399375
1 0.860068259375 0.860068259375 0.8515358359375 0.860068259375 0.8481228671875 0.8788395906250001 0.8498293515625001 0.902730375 0.858361775 0.902730375 0.8515358359375 0.8907849828125001 0.8634812281249999 0.8856655296874999 0.860068259375 0.860068259375
1 0.7883959046875 0.88395904375 0.7730375421875 0.87713310625 0.7747440265625001 0.8668941984374999 0.75767918125 0.8634812281249999 0.755972696875 0.8515358359375 0.7474402734375001 0.8464163828125001 0.740614334375 0.8686006828125 0.744027303125 0.897610921875 0.7303754265625 0.902730375 0.7764505125000001 0.902730375 0.7883959046875 0.88395904375
1 0.8054607515625 0.8515358359375 0.796928328125 0.8515358359375 0.8037542656250001 0.858361775 0.796928328125 0.8668941984374999 0.7798634812499999 0.8686006828125 0.784982934375 0.8720136515625001 0.7798634812499999 0.902730375 0.822525596875 0.902730375 0.822525596875 0.8668941984374999 0.8054607515625 0.8515358359375
1 0.7474402734375001 0.7798634812499999 0.74232081875 0.79522184375 0.755972696875 0.8105802046875 0.7866894203125 0.8088737203124999 0.7935153578125 0.80204778125 0.79522184375 0.78327645 0.7730375421875 0.7713310578125 0.7474402734375001 0.7798634812499999
1 0.46245733749999995 0.336177475 0.49658703125 0.33276450468749996 0.5 0.3105802046875 0.47952218437500005 0.2986348125 0.4539249140625 0.30375426562499996 0.45051194531250005 0.32593856718750003 0.46245733749999995 0.336177475
1 0.7986348125 0.39078498281249996 0.76109215 0.397610921875 0.7542662109375 0.419795221875 0.76450511875 0.43515358437499996 0.7747440265625001 0.438566553125 0.815699659375 0.43344709843749996 0.8242320812499999 0.419795221875 0.815699659375 0.39931740625 0.7986348125 0.39078498281249996
1 0.69795221875 0.2986348125 0.6706484640625 0.2986348125 0.6604095562500001 0.3122866890625 0.6638225249999999 0.336177475 0.6706484640625 0.341296928125 0.7064846421875 0.337883959375 0.715017065625 0.32423208125 0.7098976109375 0.30546075156249997 0.69795221875 0.2986348125
1 0.2866894203125 0.8737201359375 0.2986348125 0.8754266218750001 0.30204778125 0.8686006828125 0.27474402656249997 0.8686006828125 0.2866894203125 0.8737201359375
1 0.30204778125 0.8788395906250001 0.3088737203125 0.8890784984375 0.3105802046875 0.8668941984374999 0.30204778125 0.8788395906250001
1 0.8703071671875 0.9010238906250001 0.8754266218750001 0.902730375 0.8754266218750001 0.8822525593749999 0.8703071671875 0.88395904375 0.8703071671875 0.9010238906250001
1 0.7235494874999999 0.8668941984374999 0.715017065625 0.858361775 0.6945392484374999 0.8668941984374999 0.6945392484374999 0.902730375 0.7252559734374999 0.902730375 0.7235494874999999 0.8668941984374999
1 0.7286689421875 0.8686006828125 0.7320819109375 0.8941979515625 0.737201365625 0.8686006828125 0.7286689421875 0.8686006828125
1 0.9095563140625 0.3651877140625 0.9180887375 0.37372013593750003 0.9300341296875001 0.37372013593750003 0.9197952218750001 0.363481228125 0.9095563140625 0.3651877140625
1 0.938566553125 0.7883959046875 0.9470989765625 0.7866894203125 0.9488054609375001 0.7781569968750001 0.9778157000000001 0.7747440265625001 0.9402730375000001 0.7679180890625 0.9300341296875001 0.7747440265625001 0.938566553125 0.7883959046875
1 0.9402730375000001 0.8122866890625 0.9402730375000001 0.819112628125 0.957337884375 0.819112628125 0.9709897609375 0.8105802046875 0.9402730375000001 0.8122866890625
1 0.9709897609375 0.841296928125 0.9453924921875 0.841296928125 0.9402730375000001 0.8344709890625 0.9402730375000001 0.8481228671875 0.9709897609375 0.8481228671875 0.9709897609375 0.841296928125
1 0.93686006875 0.5443686 0.98122866875 0.5443686 0.9522184296875 0.5341296921875001 0.93686006875 0.5443686
1 0.25767918125 0.8907849828125001 0.26450511875 0.8686006828125 0.25255972656250003 0.858361775 0.2491467578125 0.8686006828125 0.25767918125 0.8907849828125001
1 0.923208190625 0.7184300343750001 0.9948805453125 0.715017065625 0.9402730375000001 0.7013651875 0.9402730375000001 0.7098976109375 0.9317406140625 0.71672355 0.9215017062499999 0.7133105796875 0.923208190625 0.7184300343750001
1 0.938566553125 0.7542662109375 0.9726962453124999 0.740614334375 0.9402730375000001 0.73890785 0.938566553125 0.7542662109375
1 0.6092150171874999 0.8856655296874999 0.597269625 0.8822525593749999 0.6040955625 0.8924914671874999 0.5802047781249999 0.902730375 0.617747440625 0.9010238906250001 0.6092150171874999 0.8856655296874999
1 0 0.906645253125 0.023890784374999998 0.9010238906250001 0 0.8946530156250001 0 0.906645253125
1 0.643344709375 0.902730375 0.6569965875 0.902730375 0.658703071875 0.860068259375 0.643344709375 0.8668941984374999 0.6501706484375 0.8890784984375 0.643344709375 0.902730375
1 0.5887372015625 0.8703071671875 0.60068259375 0.8788395906250001 0.6143344703125 0.8788395906250001 0.621160409375 0.8686006828125 0.597269625 0.8498293515625001 0.598976109375 0.8651877140625001 0.5887372015625 0.8703071671875
1 0.5546075078125 0.8668941984374999 0.5443686 0.8668941984374999 0.542662115625 0.902730375 0.5665529015625 0.897610921875 0.5699658703125 0.902730375 0.5716723546875 0.8686006828125 0.5597269625 0.858361775 0.5546075078125 0.8668941984374999
1 0.363481228125 0.8668941984374999 0.341296928125 0.8668941984374999 0.337883959375 0.858361775 0.336177475 0.902730375 0.3651877140625 0.902730375 0.363481228125 0.8668941984374999
1 0.50341296875 0.8515358359375 0.48976109218749997 0.8515358359375 0.48976109218749997 0.9010238906250001 0.5153583625 0.902730375 0.523890784375 0.8703071671875 0.5358361781250001 0.8686006828125 0.51877133125 0.8686006828125 0.50341296875 0.8515358359375