0 0.8364779875 1 0.8364779875 0.0031446546875000003 0.16981132031249999 0 0.1619496859375 0.0062893078125000005 0.16351952812499998 1 0.8364779875 1
0 0.8364804984375 1 0.8380503140625001 0.017295596875 0.8333333328125001 0.0031446546875000003 0.1713836484375 0 0.1619496859375 0.0110062890625 0.1635195171875 1 0.8364804984375 1
0 0.5471698109375 0 0.435534590625 0.0031446546875000003 0.1713836484375 0 0.1619496859375 0.0078616359375 0.1603773578125 0.1352201265625 0.16194683125 1 0.8411918609375 1 0.8396226421874999 0.2059748421875 0.8380503140625001 0.017295596875 0.8333333328125001 0.0062893078125000005 0.8238993703125 0 0.5471698109375 0
1 0.41902515781250005 0 0.1713836484375 0.0015723265625 0.1619496859375 0.012578615625000001 0.1619496859375 1 0.839611871875 1 0.8349056609375 0.31289308125000004 0.84119496875 0.040880503125 0.8364779875 0.012578615625000001 0.8238993703125 0 0.41902515781250005 0
1 0.171733053125 0 0.1619496859375 0.0110062890625 0.1635195171875 1 0.8411865000000001 1 0.8364779875 0.1257861640625 0.8427672953125 0.0062893078125000005 0.8301886796875 0.0062893078125000005 0.8259958062500001 0 0.171733053125 0
1 0.1713836484375 0 0.1619496859375 0.012578615625000001 0.1619496859375 1 0.8396176421874999 1 0.8364779875 0.012578615625000001 0.8238993703125 0 0.1713836484375 0
1 0.27830188749999996 0.18710691875000002 0.26415094375 0.22169811250000002 0.26729559687500004 0.290880503125 0.28301886718749997 0.3380503140625 0.30031446562499997 0.363207546875 0.3742138359375 0.40251572343750003 0.4261006296875 0.40251572343750003 0.4418239 0.372641509375 0.4418239 0.3238993703125 0.38522012656250004 0.25314465468749997 0.36477987343749996 0.1886792453125 0.3427672953125 0.1713836484375 0.30031446562499997 0.1713836484375 0.27830188749999996 0.18710691875000002
1 0.40408805000000003 0.2484276734375 0.4386792453125 0.29874213906249997 0.45283018906250005 0.3066037734375 0.47484276718749996 0.3066037734375 0.48899371093750005 0.29874213906249997 0.49842767343750005 0.276729559375 0.4968553453125 0.2515723265625 0.4905660375 0.24213836406250003 0.435534590625 0.1981132078125 0.4150943390625 0.1981132078125 0.40408805000000003 0.213836478125 0.40408805000000003 0.2484276734375
1 0.531446540625 0.2704402515625 0.518867925 0.290880503125 0.5078616359375 0.33490566093749996 0.5062893078124999 0.353773584375 0.52358490625 0.430817609375 0.5330188671875 0.4512578609375 0.5440251578125 0.45283018906250005 0.5801886796875 0.41981132031249996 0.613207546875 0.40094339687499997 0.6383647796874999 0.34905660312500003 0.6383647796874999 0.3254716984375 0.6242138359375 0.30031446562499997 0.599056603125 0.2798742140625 0.5676100625 0.268867925 0.531446540625 0.2704402515625
1 0.4150943390625 0.4968553453125 0.41981132031249996 0.4606918234375 0.40880503125 0.435534590625 0.382075471875 0.43710691874999996 0.3710691828125 0.45597484218749995 0.367924528125 0.47169811250000004 0.382075471875 0.49842767343750005 0.40251572343750003 0.50471698125 0.4150943390625 0.4968553453125
1 0.4418239 0.5078616359375 0.45754717031250003 0.5251572328125 0.4905660375 0.526729559375 0.5110062890625 0.4842767296875 0.5094339625 0.4418239 0.48899371093750005 0.42138364843750004 0.459119496875 0.41037735781249995 0.440251571875 0.4245283015625 0.43710691874999996 0.43396226406249994 0.43396226406249994 0.477987421875 0.4418239 0.5078616359375
1 0.5518867921874999 0.209119496875 0.5518867921874999 0.2342767296875 0.559748428125 0.2389937109375 0.57232704375 0.23584905625000002 0.57232704375 0.2059748421875 0.559748428125 0.2028301890625 0.5518867921874999 0.209119496875
1 0.617924528125 0.2405660375 0.632075471875 0.2201257859375 0.627358490625 0.18238993750000002 0.6037735843750001 0.1713836484375 0.5849056609375001 0.1933962265625 0.5849056609375001 0.21226415156249998 0.594339621875 0.2342767296875 0.6053459125 0.24213836406250003 0.617924528125 0.2405660375
1 0.518867925 0.1713836484375 0.5157232703125 0.1886792453125 0.5298742140625 0.194968553125 0.5345911953125 0.17295597499999998 0.518867925 0.1713836484375
1 0.555031446875 0.5330188671875 0.5676100625 0.522012578125 0.5707547171875 0.4968553453125 0.559748428125 0.477987421875 0.5424528296875 0.47641509375 0.5330188671875 0.481132075 0.5283018875 0.4937106921875 0.526729559375 0.5078616359375 0.5377358484375 0.531446540625 0.555031446875 0.5330188671875
1 0.59591195 0.4905660375 0.6069182390625001 0.5251572328125 0.622641509375 0.526729559375 0.65408805 0.5078616359375 0.6823899375 0.481132075 0.68710691875 0.46540880468749996 0.6839622640624999 0.435534590625 0.6619496859375 0.40723270468750006 0.6462264156249999 0.40408805000000003 0.6305031453125001 0.41037735781249995 0.5974842765624999 0.44654088124999997 0.59591195 0.4905660375
1 0.65880503125 0.34119496875 0.6603773578125 0.3663522015625 0.67767295625 0.3710691828125 0.685534590625 0.3616352203125 0.6823899375 0.3380503140625 0.6666666671875 0.33176100625 0.65880503125 0.34119496875
1 0.690251571875 0.2704402515625 0.685534590625 0.2405660375 0.6792452828125 0.2342767296875 0.6619496859375 0.2342767296875 0.6525157234375001 0.24528301875 0.65408805 0.281446540625 0.6650943390624999 0.2924528296875 0.6761006296875001 0.2940251578125 0.690251571875 0.2704402515625
1 0.727987421875 0.22327044062499998 0.7295597484375 0.2028301890625 0.7216981125 0.199685534375 0.7169811328125 0.204402515625 0.7169811328125 0.22169811250000002 0.727987421875 0.22327044062499998
1 0.7169811328125 0.3286163515625 0.709119496875 0.3207547171875 0.6933962265625 0.3238993703125 0.69654088125 0.3569182390625 0.7059748421875 0.363207546875 0.7216981125 0.3569182390625 0.723270440625 0.3380503140625 0.7169811328125 0.3286163515625
1 0.3301886796875 0.5754716984375 0.353773584375 0.577044025 0.3710691828125 0.550314465625 0.372641509375 0.5078616359375 0.34905660312500003 0.48899371093750005 0.33176100625 0.48899371093750005 0.3176100625 0.5 0.3113207546875 0.52358490625 0.3160377359375 0.5581761000000001 0.3301886796875 0.5754716984375
1 0.2594339625 0.622641509375 0.25471698125 0.6525157234375001 0.26415094375 0.6886792453125 0.2845911953125 0.718553459375 0.3081761 0.7295597484375 0.35534591249999997 0.7295597484375 0.3977987421875 0.704402515625 0.4135220125 0.685534590625 0.4135220125 0.6289308171875 0.39150943437499997 0.599056603125 0.28301886718749997 0.5974842765624999 0.2657232703125 0.61006289375 0.2594339625 0.622641509375
1 0.6022012578125 0.5660377359375001 0.569182390625 0.59591195 0.5487421390625 0.641509434375 0.5471698109375 0.685534590625 0.5660377359375001 0.732704403125 0.5833333328125 0.7484276734375 0.599056603125 0.7531446546875 0.6462264156249999 0.74528301875 0.6666666671875 0.7201257859375 0.6792452828125 0.632075471875 0.6792452828125 0.5974842765624999 0.66823899375 0.55345911875 0.65408805 0.540880503125 0.6446540875 0.540880503125 0.6022012578125 0.5660377359375001
1 0.199685534375 0.459119496875 0.20754717031249997 0.4512578609375 0.199685534375 0.43710691874999996 0.16823899375 0.435534590625 0.1666666671875 0.45754717031250003 0.199685534375 0.459119496875
1 0.1666666671875 0.48270440312499996 0.16823899375 0.5110062890625 0.1981132078125 0.5094339625 0.1981132078125 0.47484276718749996 0.18710691875000002 0.48270440312499996 0.1761006296875 0.477987421875 0.1666666671875 0.48270440312499996
1 0.30031446562499997 0.459119496875 0.3160377359375 0.45597484218749995 0.3254716984375 0.444968553125 0.3254716984375 0.4150943390625 0.314465409375 0.40408805000000003 0.30345911875 0.40251572343750003 0.2877358484375 0.41981132031249996 0.2845911953125 0.4386792453125 0.2940251578125 0.454402515625 0.30031446562499997 0.459119496875
1 0.46540880468749996 0.6163522015625 0.48270440312499996 0.6037735843750001 0.48899371093750005 0.5660377359375001 0.47641509375 0.545597484375 0.46540880468749996 0.540880503125 0.44339622656250005 0.545597484375 0.42924528281249996 0.57232704375 0.430817609375 0.5927672953124999 0.4481132078125 0.6147798734375 0.46540880468749996 0.6163522015625
1 0.473270440625 0.65408805 0.454402515625 0.65408805 0.4481132078125 0.6619496859375 0.44654088124999997 0.685534590625 0.459119496875 0.6981132078125001 0.473270440625 0.6981132078125001 0.48270440312499996 0.6823899375 0.473270440625 0.65408805
1 0.5330188671875 0.6210691828125 0.550314465625 0.608490565625 0.5566037734375 0.5927672953124999 0.55345911875 0.57232704375 0.518867925 0.57232704375 0.5125786156250001 0.555031446875 0.5031446546875 0.5738993703124999 0.5015723265625 0.599056603125 0.5094339625 0.6163522015625 0.5330188671875 0.6210691828125
1 0.540880503125 0.55345911875 0.540880503125 0.5660377359375001 0.545597484375 0.5566037734375 0.540880503125 0.55345911875
1 0.309748428125 0.7893081765625001 0.309748428125 0.83176100625 0.3207547171875 0.853773584375 0.3396226421875 0.8663522015625 0.3710691828125 0.8553459125 0.386792453125 0.8349056609375 0.39150943437499997 0.8113207546875 0.3883647796875 0.786163521875 0.372641509375 0.7594339625 0.3616352203125 0.7515723265625 0.34591194999999997 0.7515723265625 0.3254716984375 0.76415094375 0.309748428125 0.7893081765625001
1 0.42767295625 0.809748428125 0.44968553437500003 0.8144654093750001 0.468553459375 0.7924528296875 0.468553459375 0.7295597484375 0.44968553437500003 0.713836478125 0.4386792453125 0.713836478125 0.41981132031249996 0.727987421875 0.40880503125 0.7484276734375 0.41194968593750003 0.7877358484375 0.42767295625 0.809748428125
1 0.48584905625 0.8003144656250001 0.5015723265625 0.83176100625 0.531446540625 0.8396226421874999 0.5518867921874999 0.8364779875 0.5613207546875 0.827044025 0.5676100625 0.795597484375 0.5471698109375 0.72641509375 0.522012578125 0.7012578609375 0.5094339625 0.7012578609375 0.4905660375 0.7154088046875 0.48270440312499996 0.7405660375 0.48584905625 0.8003144656250001
1 0.2059748421875 0.8679245281249999 0.2059748421875 0.86006289375 0.1886792453125 0.8569182390625001 0.1666666671875 0.8584905656249999 0.1666666671875 0.8663522015625 0.17767295624999999 0.86006289375 0.18238993750000002 0.8710691828125 0.2059748421875 0.8679245281249999
1 0.1839622640625 0.8018867921874999 0.190251571875 0.7877358484375 0.199685534375 0.7893081765625001 0.2028301890625 0.77358490625 0.213836478125 0.772012578125 0.21855345937499998 0.76415094375 0.1981132078125 0.7578616359375 0.1713836484375 0.7610062890625 0.1666666671875 0.7484276734375 0.1666666671875 0.790880503125 0.1839622640625 0.8018867921874999
1 0.213836478125 0.8176100625 0.213836478125 0.809748428125 0.20754717031249997 0.8160377359375 0.199685534375 0.809748428125 0.1981132078125 0.7940251578125 0.194968553125 0.7987421390625 0.1666666671875 0.7940251578125 0.1666666671875 0.8333333328125001 0.199685534375 0.8333333328125001 0.213836478125 0.8176100625
1 0.2798742140625 0.76415094375 0.2657232703125 0.7594339625 0.2515723265625 0.772012578125 0.25314465468749997 0.8003144656250001 0.2594339625 0.8066037734375 0.276729559375 0.8081761000000001 0.2877358484375 0.7877358484375 0.2798742140625 0.76415094375
1 0.6886792453125 0.5015723265625 0.6918238999999999 0.5330188671875 0.7122641515625 0.536163521875 0.723270440625 0.517295596875 0.718553459375 0.4937106921875 0.6981132078125001 0.4905660375 0.6886792453125 0.5015723265625
1 0.6383647796874999 0.8113207546875 0.632075471875 0.776729559375 0.6116352203125001 0.7704402515625 0.5974842765624999 0.7798742140625 0.594339621875 0.7893081765625001 0.599056603125 0.827044025 0.6116352203125001 0.8349056609375 0.6305031453125001 0.827044025 0.6383647796874999 0.8113207546875
1 0.723270440625 0.718553459375 0.723270440625 0.6933962265625 0.7106918234374999 0.6839622640624999 0.6886792453125 0.68710691875 0.6839622640624999 0.6933962265625 0.68710691875 0.72641509375 0.699685534375 0.7342767296875 0.7169811328125 0.7295597484375 0.723270440625 0.718553459375
1 0.1933962265625 0.3396226421875 0.1918239 0.35062893125 0.1981132078125 0.353773584375 0.1981132078125 0.3286163515625 0.1933962265625 0.3396226421875
1 0.1886792453125 0.353773584375 0.17924528281250002 0.36006289375 0.199685534375 0.3616352203125 0.1886792453125 0.353773584375
1 0.16823899375 0.877358490625 0.1666666671875 0.8820754718750001 0.185534590625 0.8820754718750001 0.1839622640625 0.877358490625 0.16823899375 0.877358490625
1 0.199685534375 0.7421383640625 0.20754717031249997 0.7342767296875 0.199685534375 0.7154088046875 0.1666666671875 0.7154088046875 0.1666666671875 0.7437106921875001 0.199685534375 0.7421383640625
1 0.1981132078125 0.7468553453125 0.17452830156250002 0.75 0.1981132078125 0.75471698125 0.1981132078125 0.7468553453125
1 0.6619496859375 0.9135220125 0.65408805 0.9213836484375 0.65408805 0.9323899375 0.6635220125 0.922955975 0.6619496859375 0.9135220125
1 0.272012578125 0.940251571875 0.27358490625 0.9481132078125001 0.281446540625 0.9496855343749999 0.2845911953125 0.97641509375 0.290880503125 0.9418238999999999 0.2845911953125 0.9323899375 0.272012578125 0.940251571875
1 0.25 0.9418238999999999 0.2437106921875 0.9418238999999999 0.2437106921875 0.9575471703125 0.2515723265625 0.9701257859375 0.25 0.9418238999999999
1 0.22327044062499998 0.9701257859375 0.22327044062499998 0.94654088125 0.2295597484375 0.9418238999999999 0.21698113281250003 0.9418238999999999 0.21698113281250003 0.9701257859375 0.22327044062499998 0.9701257859375
1 0.4968553453125 0.9386792453125 0.4968553453125 0.9795597484374999 0.5062893078124999 0.9528301890625 0.4968553453125 0.9386792453125
1 0.17767295624999999 0.31289308125000004 0.1981132078125 0.319182390625 0.20754717031249997 0.3081761 0.1981132078125 0.305031446875 0.17767295624999999 0.31289308125000004
1 0.3364779875 0.9261006296875 0.3396226421875 0.9921383640625001 0.3522012578125 0.9418238999999999 0.344339621875 0.9418238999999999 0.3380503140625 0.9339622640625 0.34119496875 0.9245283015625001 0.3364779875 0.9261006296875
1 0.30345911875 0.940251571875 0.3160377359375 0.9716981125 0.3176100625 0.9418238999999999 0.30345911875 0.940251571875
1 0.18238993750000002 0.636792453125 0.185534590625 0.6257861640625 0.1761006296875 0.632075471875 0.1666666671875 0.61006289375 0.16823899375 0.6446540875 0.18238993750000002 0.636792453125
1 0.16509433906249998 0.0424528296875 0.1619496859375 0.07075471718750001 0.16823899375 0.0974842765625 0.17452830156250002 0.0738993703125 0.16509433906249998 0.0424528296875
1 0.1666666671875 0.66823899375 0.1666666671875 0.680817609375 0.2059748421875 0.6823899375 0.199685534375 0.66823899375 0.17924528281250002 0.6745283015625 0.1666666671875 0.66823899375
1 0.19654088125 0.617924528125 0.1886792453125 0.6289308171875 0.1886792453125 0.641509434375 0.1981132078125 0.6477987421875 0.2154088046875 0.6257861640625 0.20125786093750003 0.627358490625 0.19654088125 0.617924528125
1 0.199685534375 0.5864779875 0.199685534375 0.577044025 0.1666666671875 0.5754716984375 0.1713836484375 0.5974842765624999 0.1666666671875 0.6006289312499999 0.1981132078125 0.6022012578125 0.20754717031249997 0.59119496875 0.199685534375 0.5864779875
1 0.199685534375 0.41037735781249995 0.199685534375 0.38993710625 0.20754717031249997 0.386792453125 0.1666666671875 0.38522012656250004 0.1666666671875 0.41194968593750003 0.199685534375 0.41037735781249995
1 0.213836478125 0.5393081765625001 0.213836478125 0.526729559375 0.16823899375 0.526729559375 0.1666666671875 0.550314465625 0.19654088125 0.5581761000000001 0.1981132078125 0.569182390625 0.1981132078125 0.55345911875 0.213836478125 0.5393081765625001