0 0.0262474015625 0 0.0236486484375 0.00675675625 0.0320945953125 0.011824325 0.0320945953125 0.04391891875 0 0.05558968125 0 1 0.98128898125 1 0.9797297296874999 0.9983108109375 0.9881756749999999 0.98141891875 1 0.9790540546875001 1 0 0.0262474015625 0
0 0.065878378125 0.9391891890625 0.07939189218750001 0.9425675671875 0.0827702703125 0.9358108109375 0.10472972968750001 0.93074324375 0.135135134375 0.9425675671875 0.36317567500000003 0.9493243250000001 0.385135134375 0.9425675671875 0.5067567562499999 0.9375 0.8530405406250001 0.9375 0.88175675625 0.9324324328125 0.8986486484375 0.922297296875 0.903716215625 0.653716215625 0.8986486484375 0.1554054046875 0.89358108125 0.113175675 0.8800675671875 0.1013513515625 0.864864865625 0.0996621625 0.1418918921875 0.0996621625 0.0675675671875 0.10304054062500001 0.048986485937500004 0.11148648593749999 0.047297296875 0.1672297296875 0.048986485937500004 0.184121621875 0.0574324328125 0.19425675625 0.059121621874999995 0.2584459453125 0.0574324328125 0.3361486484375 0.048986485937500004 0.3699324328125 0.059121621874999995 0.42567567500000003 0.055743243750000004 0.5861486484375 0.065878378125 0.9391891890625
1 0.7770270265625 0.23986486562499998 0.7483108109375001 0.22128378437500001 0.6233108109375001 0.22466216249999998 0.5895270265625 0.238175675 0.5827702703125001 0.2635135140625 0.5827702703125001 0.3800675671875 0.591216215625 0.4020270265625 0.614864865625 0.41216216250000004 0.6570945953125 0.40709459531250003 0.734797296875 0.41891891875000004 0.7668918921875 0.40033783749999996 0.7770270265625 0.38682432499999997 0.7854729734375 0.2736486484375 0.7770270265625 0.23986486562499998
1 0.36317567500000003 0.64358108125 0.3496621625 0.635135134375 0.23986486562499998 0.6317567562499999 0.2010135140625 0.636824325 0.1875 0.6452702703125001 0.165540540625 0.7331081078125 0.16891891875 0.7770270265625 0.1875 0.81925675625 0.23141891874999998 0.8378378375000001 0.29391891875 0.8378378375000001 0.3513513515625 0.815878378125 0.3699324328125 0.790540540625 0.3699324328125 0.6621621625 0.36317567500000003 0.64358108125
1 0.42567567500000003 0.35641891875 0.42567567500000003 0.41216216250000004 0.45777027031250006 0.44425675625 0.5084459453125 0.44425675625 0.5270270265625 0.43074324375 0.5388513515625 0.4104729734375 0.540540540625 0.36824324375 0.5270270265625 0.346283784375 0.5016891890624999 0.3293918921875 0.45777027031250006 0.3293918921875 0.42567567500000003 0.35641891875
1 0.5574324328125 0.7702702703125001 0.5574324328125 0.80574324375 0.5793918921875 0.8344594593749999 0.6233108109375001 0.8378378375000001 0.658783784375 0.809121621875 0.658783784375 0.7702702703125001 0.6317567562499999 0.738175675 0.5945945953125 0.7364864859375 0.5658783781250001 0.7483108109375001 0.5574324328125 0.7702702703125001
1 0.434121621875 0.7533783781250001 0.42567567500000003 0.7702702703125001 0.427364865625 0.8141891890625 0.45101351406249995 0.8378378375000001 0.4915540546875 0.8395270265624999 0.5202702703125001 0.809121621875 0.5236486484375 0.7736486484375 0.515202703125 0.7584459453125 0.49324324375 0.7415540546875 0.45608108124999996 0.739864865625 0.434121621875 0.7533783781250001
1 0.30067567500000003 0.54391891875 0.33108108125 0.5658783781250001 0.35641891875 0.5658783781250001 0.37162162187500003 0.5574324328125 0.38682432499999997 0.5320945953125 0.3800675671875 0.5033783781250001 0.35641891875 0.48479729687499995 0.32432432499999997 0.48479729687499995 0.30067567500000003 0.5067567562499999 0.30067567500000003 0.54391891875
1 0.18074324375 0.22128378437500001 0.16891891875 0.234797296875 0.1638513515625 0.2770270265625 0.1875 0.3074324328125 0.22804054062499998 0.30912162187500003 0.25168918906250004 0.290540540625 0.2584459453125 0.278716215625 0.25675675625 0.238175675 0.238175675 0.21959459531249997 0.197635134375 0.21621621562499999 0.18074324375 0.22128378437500001
1 0.5895270265625 0.552364865625 0.6216216218749999 0.5608108109375001 0.64358108125 0.550675675 0.6503378375 0.5033783781250001 0.6418918921875 0.48648648593750005 0.6182432437500001 0.48141891875000004 0.5827702703125001 0.4915540546875 0.572635134375 0.521959459375 0.5895270265625 0.552364865625
1 0.721283784375 0.5489864859375 0.7449324328125 0.552364865625 0.7668918921875 0.54391891875 0.7770270265625 0.5050675671875 0.765202703125 0.4915540546875 0.739864865625 0.4831081078125 0.7111486484375 0.5033783781250001 0.70608108125 0.521959459375 0.721283784375 0.5489864859375
1 0.7195945953125 0.677364865625 0.734797296875 0.6841216218749999 0.7635135140625 0.6790540546875 0.7770270265625 0.653716215625 0.760135134375 0.6283783781250001 0.739864865625 0.625 0.716216215625 0.635135134375 0.7128378375 0.6604729734375 0.7195945953125 0.677364865625
1 0.5793918921875 0.66891891875 0.5878378375 0.6824324328125 0.6165540546875 0.6858108109375001 0.6300675671875 0.677364865625 0.6385135140625 0.6554054046875 0.6334459453125 0.636824325 0.625 0.6300675671875 0.6013513515625 0.6283783781250001 0.58108108125 0.636824325 0.5793918921875 0.66891891875
1 0.4645270265625 0.6942567562499999 0.489864865625 0.6925675671875 0.511824325 0.6790540546875 0.511824325 0.640202703125 0.489864865625 0.6199324328125 0.46283783749999996 0.6182432437500001 0.4425675671875 0.640202703125 0.440878378125 0.677364865625 0.4645270265625 0.6942567562499999
1 0.4543918921875 0.29391891875 0.489864865625 0.297297296875 0.510135134375 0.2854729734375 0.511824325 0.2415540546875 0.48648648593750005 0.22128378437500001 0.45608108124999996 0.22297297343750003 0.440878378125 0.246621621875 0.4425675671875 0.278716215625 0.4543918921875 0.29391891875
1 0.10654885624999999 0 0.1013513515625 0.00675675625 0.091216215625 0.038851351562500004 0.0996621625 0.048986485937500004 0.121621621875 0.048986485937500004 0.125 0.04391891875 0.135135134375 0.050675674999999996 0.1554054046875 0.050675674999999996 0.1604729734375 0.04391891875 0.1824324328125 0.04391891875 0.18581081093750001 0.050675674999999996 0.3040540546875 0.0574324328125 0.37331081093749996 0.0574324328125 0.39358108125 0.050675674999999996 0.40540540468749997 0.055743243750000004 0.5253378375 0.0574324328125 0.5456081078125 0.0540540546875 0.5574324328125 0.04391891875 0.5861486484375 0.0540540546875 0.6199324328125 0.055743243750000004 0.878378378125 0.0574324328125 0.903716215625 0.050675674999999996 0.9172297296874999 0.0540540546875 0.940878378125 0.040540540624999996 0.9611486484375 0.0236486484375 0.9635135140625 0 0.161974475 0 0.1604729734375 0.003378378125 0.165540540625 0.0135135140625 0.1418918921875 0.020270270312499998 0.135654884375 0 0.10654885624999999 0
1 0.191926840625 0 0.19425675625 0.033783784375 0.21114864843749998 0.040540540624999996 0.21959459531249997 0.028716215625000003 0.22128378437500001 0 0.191926840625 0
1 0.246621621875 0 0.246621621875 0.01858108125 0.2550675671875 0.0371621625 0.2702702703125 0.033783784375 0.2736486484375 0.0084459453125 0.2736486484375 0 0.246621621875 0
1 0.30123873749999996 0 0.30574324375 0.0304054046875 0.3209459453125 0.0456081078125 0.33108108125 0.028716215625000003 0.3361486484375 0 0.30123873749999996 0
1 0.3581081078125 0.10979729687499999 0.3293918921875 0.11148648593749999 0.3209459453125 0.1300675671875 0.327702703125 0.146959459375 0.3547297296875 0.146959459375 0.36317567500000003 0.140202703125 0.3581081078125 0.10979729687499999
1 0.3513513515625 0.2449324328125 0.3293918921875 0.2483108109375 0.32432432499999997 0.25675675625 0.3293918921875 0.2753378375 0.359797296875 0.2770270265625 0.36317567500000003 0.260135134375 0.3513513515625 0.2449324328125
1 0.199324325 0.4138513515625 0.21959459531249997 0.41722972968749994 0.23141891874999998 0.40709459531250003 0.234797296875 0.3834459453125 0.22635135156250002 0.37162162187500003 0.20945945937500002 0.36824324375 0.190878378125 0.3800675671875 0.18918918906249999 0.40033783749999996 0.199324325 0.4138513515625
1 0.22804054062499998 0.54391891875 0.2331081078125 0.533783784375 0.22804054062499998 0.510135134375 0.21959459531249997 0.5016891890624999 0.199324325 0.5033783781250001 0.1875 0.5253378375 0.19425675625 0.54391891875 0.22804054062499998 0.54391891875
1 0.6295478171875 0 0.6317567562499999 0.028716215625000003 0.6418918921875 0.040540540624999996 0.6503378375 0.0422297296875 0.6604729734375 0.0320945953125 0.662077703125 0 0.6295478171875 0
1 0.6842209859375 0 0.6891891890624999 0.0422297296875 0.7128378375 0.0371621625 0.7179054046875 0.0016891890625 0.7179054046875 0 0.6842209859375 0
1 0.7383292375 0 0.7432432437500001 0.040540540624999996 0.765202703125 0.0371621625 0.7702702703125001 0 0.7383292375 0
1 0.7956081078125 0 0.7956081078125 0.028716215625000003 0.802364865625 0.038851351562500004 0.815878378125 0.0371621625 0.821824325 0 0.7956081078125 0
1 0.8474099109375001 0 0.8496621624999999 0.0304054046875 0.8665540546875 0.038851351562500004 0.8766891890625 0.020270270312499998 0.8766891890625 0 0.8474099109375001 0
1 0.86824324375 0.1554054046875 0.88175675625 0.15033783750000002 0.890202703125 0.11655405468749999 0.88175675625 0.10810810781249999 0.85641891875 0.10979729687499999 0.8479729734375001 0.125 0.8513513515625 0.14358108125 0.86824324375 0.1554054046875
1 0.760135134375 0.802364865625 0.76858108125 0.7820945953125 0.760135134375 0.7635135140625 0.734797296875 0.7584459453125 0.716216215625 0.771959459375 0.721283784375 0.8040540546875 0.7415540546875 0.8074324328125 0.760135134375 0.802364865625
1 0.8885135140625 0.528716215625 0.8885135140625 0.5135135140625 0.8800675671875 0.5033783781250001 0.8614864859375 0.5033783781250001 0.8547297296874999 0.5135135140625 0.8547297296874999 0.5270270265625 0.86824324375 0.5422297296874999 0.8885135140625 0.528716215625
1 0.88175675625 0.636824325 0.86824324375 0.635135134375 0.85641891875 0.6418918921875 0.859797296875 0.66891891875 0.8885135140625 0.665540540625 0.89358108125 0.6486486484375 0.88175675625 0.636824325
1 0.8868243250000001 0.765202703125 0.8530405406250001 0.7668918921875 0.8530405406250001 0.7956081078125 0.875 0.802364865625 0.885135134375 0.7989864859375 0.8918918921874999 0.790540540625 0.8868243250000001 0.765202703125
1 0.22804054062499998 0.93074324375 0.234797296875 0.9104729734375001 0.22635135156250002 0.9003378375000001 0.21114864843749998 0.8986486484375 0.2010135140625 0.9054054046875001 0.19425675625 0.9155405406250001 0.197635134375 0.927364865625 0.22804054062499998 0.93074324375
1 0.3378378375 0.9358108109375 0.3496621625 0.9375 0.3614864859375 0.9290540546875 0.3614864859375 0.9104729734375001 0.3547297296875 0.9020270265624999 0.341216215625 0.9003378375000001 0.3293918921875 0.9070945953124999 0.3293918921875 0.927364865625 0.3378378375 0.9358108109375
1 0.7584459453125 0.9256756749999999 0.760135134375 0.9138513515625 0.7533783781250001 0.903716215625 0.734797296875 0.9020270265624999 0.7263513515625 0.9121621624999999 0.7263513515625 0.9239864859375 0.738175675 0.93074324375 0.7584459453125 0.9256756749999999
1 0.9008807921875001 0 0.9020270265624999 0.0320945953125 0.9121621624999999 0.040540540624999996 0.9239864859375 0.038851351562500004 0.9290540546875 0.0304054046875 0.9302702703125 0 0.9008807921875001 0
1 1 0.071718146875 0.9679054046875001 0.072635134375 0.9594594593749999 0.0878378375 0.9780405406250001 0.0945945953125 1 0.0953518171875 1 0.071718146875
1 1 0.1252883984375 0.9577702703125001 0.128378378125 0.9594594593749999 0.146959459375 1 0.1489864859375 1 0.1252883984375
1 1 0.177364865625 0.9746621624999999 0.177364865625 0.9594594593749999 0.184121621875 0.9577702703125001 0.197635134375 0.971283784375 0.2043918921875 1 0.2043918921875 1 0.177364865625
1 1 0.23383856718749998 0.9645270265624999 0.234797296875 0.9577702703125001 0.24324324375 0.9594594593749999 0.25337837812499997 0.9746621624999999 0.26182432499999997 1 0.26182432499999997 1 0.23383856718749998
1 1 0.2878734 0.9628378375000001 0.2888513515625 0.9577702703125001 0.3040540546875 0.971283784375 0.31418918906250004 1 0.31418918906250004 1 0.2878734
1 1 0.342035215625 0.971283784375 0.3429054046875 0.9594594593749999 0.3496621625 0.9645270265624999 0.364864865625 1 0.36678232187500004 1 0.342035215625
1 1 0.3960651828125 0.9695945953124999 0.396959459375 0.9611486484375 0.403716215625 0.9611486484375 0.415540540625 0.966216215625 0.4206081078125 1 0.42248498437500004 1 0.3960651828125
1 1 0.45022522499999995 0.9763513515625 0.45101351406249995 0.9594594593749999 0.46283783749999996 0.971283784375 0.4763513515625 1 0.477221540625 1 0.45022522499999995
1 1 0.50817923125 0.9628378375000001 0.510135134375 0.9594594593749999 0.521959459375 0.9729729734375001 0.5304054046875 1 0.53125 1 0.50817923125
1 1 0.561893625 0.9611486484375 0.5658783781250001 0.9611486484375 0.5793918921875 0.9679054046875001 0.5861486484375 1 0.5870656375000001 1 0.561893625
1 1 0.615765765625 0.9763513515625 0.6165540546875 0.9611486484375 0.625 0.966216215625 0.640202703125 1 0.6411411421875 1 0.615765765625
1 1 0.6704633203125 0.9679054046875001 0.672297296875 0.9594594593749999 0.6824324328125 0.9695945953124999 0.6942567562499999 1 0.695151034375 1 0.6704633203125
1 1 0.7246621625 0.9729729734375001 0.7246621625 0.9577702703125001 0.7331081078125 0.9645270265624999 0.7483108109375001 1 0.75022826875 1 0.7246621625
1 1 0.7795352156249999 0.971283784375 0.7804054046875 0.9594594593749999 0.7922297296874999 0.9746621624999999 0.8074324328125 1 0.8082497828124999 1 0.7795352156249999
1 1 0.833542471875 0.9679054046875001 0.8344594593749999 0.9611486484375 0.8429054046875001 0.966216215625 0.8581081078125001 1 0.859046546875 1 0.833542471875
1 1 0.8884623265625 0.971283784375 0.890202703125 0.9611486484375 0.9054054046875001 0.9797297296874999 0.9155405406250001 1 0.9155405406250001 1 0.8884623265625
1 0.35860860781250004 0 0.359797296875 0.0320945953125 0.3665540546875 0.04391891875 0.3885135140625 0.0304054046875 0.39094594531250004 0 0.35860860781250004 0
1 0.4104729734375 0 0.4104729734375 0.025337837499999998 0.41722972968749994 0.04391891875 0.4391891890625 0.038851351562500004 0.44320829375 0 0.4104729734375 0
1 0.46283783749999996 0 0.46283783749999996 0.0270270265625 0.4729729734375 0.040540540624999996 0.4831081078125 0.040540540624999996 0.4915540546875 0.028716215625000003 0.49514358124999996 0 0.46283783749999996 0
1 0.5173986484374999 0 0.51858108125 0.0354729734375 0.5320945953125 0.04391891875 0.54391891875 0.040540540624999996 0.550675675 0.0084459453125 0.550675675 0 0.5173986484374999 0
1 0.5793315640625 0 0.5827702703125001 0.0320945953125 0.596283784375 0.0354729734375 0.6013513515625 0.015202703125 0.6013513515625 0 0.5793315640625 0
1 0 0.9764281328125 0.0016891890625 0.9763513515625 0.020270270312499998 0.9679054046875001 0.01858108125 0.8429054046875001 0.0135135140625 0.8344594593749999 0.01858108125 0.8260135140625 0.015202703125 0.73141891875 0.021959459375 0.6739864859375 0.01858108125 0.1672297296875 0.0168918921875 0.1300675671875 0.0084459453125 0.11148648593749999 0.011824325 0.091216215625 0 0.0767642640625 0 0.9764281328125
1 0.028764478125 0 0.033783784375 0.04391891875 0.048986485937500004 0.04391891875 0.055743243750000004 0.0236486484375 0.055743243750000004 0 0.028764478125 0
1 1 0.940878378125 0.9831081078125001 0.940878378125 0.9594594593749999 0.9493243250000001 0.9594594593749999 0.9611486484375 0.9695945953124999 0.9679054046875001 1 0.9679054046875001 1 0.940878378125