0 0.02 0 0.02 0.0283333328125 0 0.035606059375 0 0.998421053125 0.001071428125 1 0.975 1 0.975 0.9916666671875 0.9550000000000001 0.97 0.9633333328125 0.9533333328125 0.9883333328124999 0.9483333328124999 1 0.9366666671875 1 0.03625 0.9949999999999999 0.034999999999999996 0.9866666671875001 0.0116666671875 0.9858333328125 0 0.02 0
0 0.0533333328125 0.9116666671875 0.0666666671875 0.915 0.06999999999999999 0.9083333328125001 0.0916666671875 0.9033333328125 0.12166666718750001 0.915 0.3466666671875 0.9216666671875 0.36833333281249997 0.915 0.4883333328125 0.9099999999999999 0.8300000000000001 0.9099999999999999 0.8583333328125 0.905 0.875 0.8949999999999999 0.8800000000000001 0.63 0.875 0.1383333328125 0.8699999999999999 0.0966666671875 0.8566666671875 0.08499999999999999 0.8416666671874999 0.08333333281250001 0.12833333281249998 0.08333333281250001 0.05500000000000001 0.0866666671875 0.0366666671875 0.095 0.034999999999999996 0.15 0.0366666671875 0.1666666671875 0.045 0.1766666671875 0.0466666671875 0.24 0.045 0.3166666671875 0.0366666671875 0.35 0.0466666671875 0.40499999999999997 0.0433333328125 0.5633333328125001 0.0533333328125 0.9116666671875
1 0.755 0.2216666671875 0.7266666671875 0.2033333328125 0.6033333328125 0.2066666671875 0.5700000000000001 0.22000000000000003 0.5633333328125001 0.24500000000000002 0.5633333328125001 0.36 0.5716666671875 0.38166666718750003 0.595 0.3916666671875 0.6366666671875 0.3866666671875 0.7133333328125 0.3983333328125 0.745 0.38 0.755 0.36666666718749996 0.7633333328125 0.255 0.755 0.2216666671875
1 0.3466666671875 0.62 0.3333333328125 0.6116666671875 0.225 0.6083333328125 0.1866666671875 0.6133333328125 0.17333333281250002 0.6216666671875 0.1516666671875 0.7083333328125 0.155 0.7516666671875 0.17333333281250002 0.7933333328125001 0.2166666671875 0.8116666671875 0.2783333328125 0.8116666671875 0.335 0.79 0.3533333328125 0.765 0.3533333328125 0.6383333328125 0.3466666671875 0.62
1 0.40833333281249995 0.3366666671875 0.40833333281249995 0.3916666671875 0.44000000000000006 0.4233333328125 0.49000000000000005 0.4233333328125 0.5083333328124999 0.41 0.52 0.39 0.5216666671875 0.3483333328125 0.5083333328124999 0.3266666671875 0.48333333281249996 0.31 0.44000000000000006 0.31 0.40833333281249995 0.3366666671875
1 0.5383333328125001 0.745 0.5383333328125001 0.78 0.5599999999999999 0.8083333328125001 0.6033333328125 0.8116666671875 0.6383333328125 0.7833333328125 0.6383333328125 0.745 0.6116666671875 0.7133333328125 0.575 0.7116666671874999 0.5466666671875 0.7233333328125 0.5383333328125001 0.745
1 0.4166666671875 0.7283333328125 0.40833333281249995 0.745 0.41 0.7883333328125001 0.43333333281249997 0.8116666671875 0.4733333328125 0.8133333328125 0.5016666671875 0.7833333328125 0.505 0.7483333328125 0.4966666671875 0.7333333328125 0.475 0.7166666671875 0.43833333281250003 0.7150000000000001 0.4166666671875 0.7283333328125
1 0.28500000000000003 0.5216666671875 0.315 0.5433333328125001 0.33999999999999997 0.5433333328125001 0.355 0.5349999999999999 0.37 0.51 0.3633333328125 0.48166666718749995 0.33999999999999997 0.46333333281250005 0.3083333328125 0.46333333281250005 0.28500000000000003 0.485 0.28500000000000003 0.5216666671875
1 0.1666666671875 0.2033333328125 0.155 0.2166666671875 0.15 0.25833333281250004 0.17333333281250002 0.2883333328125 0.2133333328125 0.29 0.2366666671875 0.2716666671875 0.24333333281249997 0.26 0.2416666671875 0.22000000000000003 0.2233333328125 0.20166666718749998 0.1833333328125 0.1983333328125 0.1666666671875 0.2033333328125
1 0.5700000000000001 0.53 0.6016666671875 0.5383333328125001 0.6233333328125 0.5283333328125 0.63 0.48166666718749995 0.6216666671875 0.465 0.5983333328125 0.45999999999999996 0.5633333328125001 0.47000000000000003 0.5533333328125 0.5 0.5700000000000001 0.53
1 0.7 0.5266666671875 0.7233333328125 0.53 0.745 0.5216666671875 0.755 0.48333333281249996 0.7433333328125 0.47000000000000003 0.7183333328125 0.46166666718749994 0.6900000000000001 0.48166666718749995 0.6849999999999999 0.5 0.7 0.5266666671875
1 0.6983333328125 0.6533333328125 0.7133333328125 0.6599999999999999 0.7416666671875001 0.655 0.755 0.63 0.7383333328125 0.605 0.7183333328125 0.6016666671875 0.6950000000000001 0.6116666671875 0.6916666671875 0.6366666671875 0.6983333328125 0.6533333328125
1 0.5599999999999999 0.645 0.5683333328125 0.6583333328125 0.5966666671875 0.6616666671875 0.61 0.6533333328125 0.6183333328125 0.6316666671875 0.6133333328125 0.6133333328125 0.605 0.6066666671875 0.5816666671874999 0.605 0.5616666671874999 0.6133333328125 0.5599999999999999 0.645
1 0.44666666718750003 0.67 0.4716666671875 0.6683333328125001 0.4933333328125 0.655 0.4933333328125 0.6166666671875001 0.4716666671875 0.5966666671875 0.445 0.595 0.425 0.6166666671875001 0.4233333328125 0.6533333328125 0.44666666718750003 0.67
1 0.43666666718749997 0.275 0.4716666671875 0.2783333328125 0.4916666671875 0.2666666671875 0.4933333328125 0.2233333328125 0.4683333328125 0.2033333328125 0.43833333281250003 0.205 0.4233333328125 0.22833333281249998 0.425 0.26 0.43666666718749997 0.275
1 0.08570175468749999 0 0.0783333328125 0.0233333328125 0.0866666671875 0.0333333328125 0.10833333281249999 0.0333333328125 0.1116666671875 0.0283333328125 0.12166666718750001 0.034999999999999996 0.1416666671875 0.034999999999999996 0.14666666718750002 0.0283333328125 0.16833333281250001 0.0283333328125 0.1716666671875 0.034999999999999996 0.2883333328125 0.0416666671875 0.3566666671875 0.0416666671875 0.37666666718749997 0.034999999999999996 0.3883333328125 0.04 0.5066666671875 0.0416666671875 0.5266666671875 0.038333332812499996 0.5383333328125001 0.0283333328125 0.5666666671875 0.038333332812499996 0.6 0.04 0.8550000000000001 0.0416666671875 0.8800000000000001 0.034999999999999996 0.8933333328125 0.038333332812499996 0.9166666671874999 0.025 0.9366666671875 0.0083333328125 0.9375 0 0.1458333328125 0 0.12833333281249998 0.005 0.126794871875 0 0.08570175468749999 0
1 0.17873563125 0 0.18 0.0183333328125 0.1966666671875 0.025 0.205 0.013333332812500001 0.20578431406250003 0 0.17873563125 0
1 0.2316666671875 0 0.2316666671875 0.0033333328125 0.24 0.0216666671875 0.255 0.0183333328125 0.2574444453125 0 0.2316666671875 0
1 0.287777778125 0 0.29 0.015 0.305 0.03 0.315 0.013333332812500001 0.3173529421875 0 0.287777778125 0
1 0.3416666671875 0.0933333328125 0.3133333328125 0.095 0.305 0.11333333281249999 0.3116666671875 0.13 0.3383333328125 0.13 0.3466666671875 0.1233333328125 0.3416666671875 0.0933333328125
1 0.335 0.2266666671875 0.3133333328125 0.22999999999999998 0.3083333328125 0.2383333328125 0.3133333328125 0.25666666718750003 0.3433333328125 0.25833333281250004 0.3466666671875 0.2416666671875 0.335 0.2266666671875
1 0.185 0.3933333328125 0.205 0.3966666671875 0.2166666671875 0.3866666671875 0.22000000000000003 0.3633333328125 0.2116666671875 0.3516666671875 0.195 0.3483333328125 0.1766666671875 0.36 0.175 0.38 0.185 0.3933333328125
1 0.2133333328125 0.5216666671875 0.21833333281249998 0.5116666671875 0.2133333328125 0.4883333328125 0.205 0.48 0.185 0.48166666718749995 0.17333333281250002 0.5033333328125 0.18 0.5216666671875 0.2133333328125 0.5216666671875
1 0.610641025 0 0.6116666671875 0.013333332812500001 0.6216666671875 0.025 0.63 0.0266666671875 0.64 0.0166666671875 0.6408333328125 0 0.610641025 0
1 0.6651960781249999 0 0.6683333328125001 0.0266666671875 0.6916666671875 0.0216666671875 0.6947619046875 0 0.6651960781249999 0
1 0.7186363640625 0 0.7216666671875 0.025 0.7433333328125 0.0216666671875 0.746287878125 0 0.7186363640625 0
1 0.7733333328125 0 0.7733333328125 0.013333332812500001 0.78 0.0233333328125 0.7933333328125001 0.0216666671875 0.7968 0 0.7733333328125 0
1 0.8255555546875 0 0.8266666671875 0.015 0.8433333328125 0.0233333328125 0.8533333328125 0.005 0.8533333328125 0 0.8255555546875 0
1 0.845 0.1383333328125 0.8583333328125 0.13333333281249998 0.8666666671875 0.1 0.8583333328125 0.0916666671875 0.8333333328125001 0.0933333328125 0.825 0.10833333281249999 0.8283333328125 0.1266666671875 0.845 0.1383333328125
1 0.7383333328125 0.7766666671875 0.7466666671875 0.7566666671875 0.7383333328125 0.7383333328125 0.7133333328125 0.7333333328125 0.6950000000000001 0.7466666671875 0.7 0.7783333328125 0.72 0.7816666671875 0.7383333328125 0.7766666671875
1 0.865 0.5066666671875 0.865 0.4916666671875 0.8566666671875 0.48166666718749995 0.8383333328125 0.48166666718749995 0.8316666671874999 0.4916666671875 0.8316666671874999 0.505 0.845 0.52 0.865 0.5066666671875
1 0.8583333328125 0.6133333328125 0.845 0.6116666671875 0.8333333328125001 0.6183333328125 0.8366666671875 0.645 0.865 0.6416666671875 0.8699999999999999 0.625 0.8583333328125 0.6133333328125
1 0.8633333328124999 0.74 0.8300000000000001 0.7416666671875001 0.8300000000000001 0.77 0.8516666671875001 0.7766666671875 0.8616666671875001 0.7733333328125 0.8683333328125 0.765 0.8633333328124999 0.74
1 0.2133333328125 0.9033333328125 0.22000000000000003 0.8833333328125 0.2116666671875 0.8733333328124999 0.1966666671875 0.8716666671875 0.1866666671875 0.8783333328125 0.18 0.8883333328124999 0.1833333328125 0.9 0.2133333328125 0.9033333328125
1 0.32166666718750003 0.9083333328125001 0.3333333328125 0.9099999999999999 0.34500000000000003 0.9016666671875001 0.34500000000000003 0.8833333328125 0.3383333328125 0.875 0.325 0.8733333328124999 0.3133333328125 0.8800000000000001 0.3133333328125 0.9 0.32166666718750003 0.9083333328125001
1 0.7366666671875 0.8983333328124999 0.7383333328125 0.8866666671875001 0.7316666671875 0.8766666671875001 0.7133333328125 0.875 0.705 0.885 0.705 0.8966666671875 0.7166666671875 0.9033333328125 0.7366666671875 0.8983333328124999
1 0.9099999999999999 1 0.9116666671875 0.9650000000000001 0.8833333328125 0.9433333328125 0.8266666671875 0.9466666671875 0.7833333328125 0.9416666671874999 0.7183333328125 0.96 0.6799999999999999 0.9616666671875 0.6666666671875 0.9566666671874999 0.48333333281249996 0.96 0.3933333328125 0.9683333328125 0.31 0.9616666671875 0.0866666671875 0.9666666671874999 0.0716666671875 0.9716666671875 0.0666666671875 0.985 0.0805128203125 1 0.9099999999999999 1
1 0.9316666671875 1 0.9266666671875001 0.9766666671875001 0.9183333328125001 0.975 0.9183333328125001 0.9666666671874999 0.9 0.9466666671875 0.8833333328125 0.9400000000000001 0.8222222218749999 0.945 0.7833333328125 0.9383333328125 0.7216666671875 0.9483333328124999 0.6416666671875 0.9466666671875 0.58 0.9616666671875 0.09 0.9633333328125 0.06833333281250001 0.9683333328125 0.065 0.9933333328125 0.06785714375 1 0.9316666671875 1
1 0.8777380953125 0 0.8783333328125 0.0166666671875 0.8883333328124999 0.025 0.9 0.0233333328125 0.905 0.015 0.9056 0 0.8777380953125 0
1 1 0.055047618750000006 0.9433333328125 0.0566666671875 0.9349999999999999 0.0716666671875 0.9533333328125 0.0783333328125 1 0.079942528125 1 0.055047618750000006
1 1 0.10678861875000001 0.9333333328125001 0.1116666671875 0.9349999999999999 0.13 1 0.13325 1 0.10678861875000001
1 1 0.16 0.95 0.16 0.9349999999999999 0.1666666671875 0.9333333328125001 0.18 0.9466666671875 0.1866666671875 1 0.1866666671875 1 0.16
1 1 0.2150450453125 0.9400000000000001 0.2166666671875 0.9333333328125001 0.225 0.9349999999999999 0.23500000000000001 0.95 0.24333333281249997 1 0.24333333281249997 1 0.2150450453125
1 1 0.26837719375 0.9383333328125 0.27 0.9333333328125001 0.28500000000000003 0.9466666671875 0.29500000000000004 1 0.29500000000000004 1 0.26837719375
1 1 0.321717171875 0.9466666671875 0.3233333328125 0.9349999999999999 0.32999999999999996 0.9400000000000001 0.34500000000000003 1 0.34824324375 1 0.321717171875
1 1 0.3750490203125 0.945 0.37666666718749997 0.9366666671875 0.38333333281250004 0.9366666671875 0.395 0.9416666671874999 0.4 1 0.403240740625 1 0.3750490203125
1 1 0.42838888906249994 0.9516666671875 0.43 0.9349999999999999 0.44166666718750003 0.9466666671875 0.45499999999999996 1 0.4566161609375 1 0.42838888906249994
1 1 0.4850877203125 0.9383333328125 0.4883333328125 0.9349999999999999 0.5 0.9483333328124999 0.5083333328124999 1 0.5099479171875 1 0.4850877203125
1 1 0.53683760625 0.9366666671875 0.5433333328125001 0.9366666671875 0.5566666671875 0.9433333328125 0.5633333328125001 1 0.56495238125 1 0.53683760625
1 1 0.591722221875 0.9516666671875 0.5933333328125 0.9366666671875 0.6016666671875 0.9416666671874999 0.6166666671875001 1 0.6182870359375 1 0.591722221875
1 1 0.6450952390625 0.9433333328125 0.6483333328125 0.9349999999999999 0.6583333328125 0.945 0.67 1 0.6716176468749999 1 0.6450952390625
1 1 0.7 0.9483333328124999 0.7 0.9333333328125001 0.7083333328125 0.9400000000000001 0.7233333328125 1 0.7265765765625 1 0.7
1 1 0.7533838390625001 0.9466666671875 0.755 0.9349999999999999 0.7666666671875 0.95 0.7816666671875 1 0.7832795703125 1 0.7533838390625001
1 1 0.806714284375 0.9433333328125 0.8083333328125001 0.9366666671875 0.8166666671874999 0.9416666671874999 0.8316666671874999 1 0.8332870359375001 1 0.806714284375
1 1 0.860101009375 0.9466666671875 0.8633333328124999 0.9366666671875 0.8783333328125 0.9550000000000001 0.8883333328124999 1 0.8883333328124999 1 0.860101009375
1 0.34271605 0 0.3433333328125 0.0166666671875 0.35 0.0283333328125 0.3716666671875 0.015 0.3728666671875 0 0.34271605 0
1 0.3933333328125 0 0.3933333328125 0.01 0.4 0.0283333328125 0.4216666671875 0.0233333328125 0.424080459375 0 0.3933333328125 0
1 0.445 0 0.445 0.0116666671875 0.45499999999999996 0.025 0.465 0.025 0.4733333328125 0.013333332812500001 0.475 0 0.445 0
1 0.4993333328125 0 0.5 0.02 0.5133333328125 0.0283333328125 0.525 0.025 0.5302631578125 0 0.4993333328125 0
1 0.5615476187499999 0 0.5633333328125001 0.0166666671875 0.5766666671875 0.02 0.5816666671874999 0 0.5615476187499999 0
1 0.0470833328125 1 0.0466666671875 0.9883333328124999 0.038333332812499996 0.975 0.0233333328125 0.9800000000000001 0.0227272734375 1 0.0470833328125 1
1 0.097777778125 1 0.095 0.975 0.08 0.9783333328125 0.078725490625 1 0.097777778125 1
1 0.15460784375 1 0.1533333328125 0.9783333328125 0.1383333328125 0.975 0.13 0.9883333328124999 0.1295833328125 1 0.15460784375 1
1 0.2621264359375 1 0.2616666671875 0.9866666671875001 0.255 0.975 0.24666666718750002 0.9733333328124999 0.24 0.9816666671875 0.23770833281249998 1 0.2621264359375 1
1 0.32028985468750004 1 0.32 0.9966666671875 0.31 0.9716666671875 0.29333333281249996 0.9816666671875 0.2927604171875 1 0.32028985468750004 1
1 0.37124999999999997 1 0.3716666671875 0.9883333328124999 0.36666666718749996 0.975 0.3466666671875 0.975 0.345277778125 1 0.37124999999999997 1
1 0.427303921875 1 0.4266666671875 0.9783333328125 0.4 0.9733333328124999 0.3992792796875 1 0.427303921875 1
1 0.47874999999999995 1 0.4766666671875 0.975 0.46166666718749994 0.9733333328124999 0.45499999999999996 0.9800000000000001 0.453787878125 1 0.47874999999999995 1
1 0.640476190625 1 0.64 0.9866666671875001 0.6333333328124999 0.9733333328124999 0.6233333328125 0.9733333328124999 0.615 0.9883333328124999 0.6145833328125 1 0.640476190625 1
1 0.6956666671875 1 0.6950000000000001 0.9766666671875001 0.6883333328125001 0.97 0.6733333328125 0.9800000000000001 0.6715151515625 1 0.6956666671875 1
1 0.750606059375 1 0.75 0.9800000000000001 0.7433333328125 0.9666666671874999 0.73 0.9666666671874999 0.7251219515625 1 0.750606059375 1
1 0.8028787890625001 1 0.8016666671875001 0.9800000000000001 0.795 0.9666666671874999 0.7783333328125 0.975 0.7769444453125 1 0.8028787890625001 1
1 0.8566666671875 1 0.8566666671875 0.9966666671875 0.8466666671875 0.9683333328125 0.8383333328125 0.9666666671874999 0.8316666671874999 0.9766666671875001 0.8296666671875 1 0.8566666671875 1
1 0.5337820515625 1 0.5333333328125 0.9883333328124999 0.5266666671875 0.9733333328124999 0.5133333328125 0.9733333328124999 0.5083333328124999 0.9800000000000001 0.5071212109375 1 0.5337820515625 1
1 0.5900000000000001 1 0.5900000000000001 0.9883333328124999 0.5833333328125 0.975 0.5650000000000001 0.9766666671875001 0.563 1 0.5900000000000001 1
1 0.018428571875 0 0.0216666671875 0.0283333328125 0.0366666671875 0.0283333328125 0.0433333328125 0.0083333328125 0.0433333328125 0 0.018428571875 0
1 1 0.9133333328125 0.9583333328125001 0.9133333328125 0.9349999999999999 0.9216666671875 0.9349999999999999 0.9333333328125001 0.945 0.9400000000000001 1 0.9400000000000001 1 0.9133333328125